[{"GravityX":{"Y":-0.898508191109,"X":-0.0181348528713,"Z":-0.438581973314},"UserAcceleration":{"Y":0.023370873183,"X":-0.0101091647521,"Z":0.0280595012009},"AttitudeRotationMatrix":[0.999769032002,-0.0115332836285,0.0181348547339,-0.0112359570339,0.438812881708,0.898508250713,-0.01832055673,-0.898504436016,0.438581943512],"AttitudePitch":1.11635909749,"Time":0.010629,"AttitudeQuaternion":{"X":0.529710808881,"W":0.84811023649,"Y":-0.0107460706571,"Z":-8.76436958123e-05},"AttitudeRoll":-0.0413252946576,"RotationRate":{"Y":-0.0322401635349,"X":-0.0236923191696,"Z":0.000178317641257},"AttitudeYaw":0.0255997530422,"DotNum":0},{"GravityX":{"Y":-0.898285448551,"X":-0.01826059632,"Z":-0.439032793045},"UserAcceleration":{"Y":0.00373894674703,"X":-0.00172841816675,"Z":0.000144240359077},"AttitudeRotationMatrix":[0.999763071537,-0.0118450317532,0.0182605944574,-0.0112027190626,0.439269542694,0.898285508156,-0.0186615437269,-0.898277282715,0.439032763243],"AttitudePitch":1.11585191484,"Time":0.02655202,"AttitudeQuaternion":{"X":0.529495220183,"W":0.8482431015,"Y":-0.0108819448739,"Z":-0.000189306607576},"AttitudeRoll":-0.0415688229845,"RotationRate":{"Y":-0.0226894076914,"X":-0.0333065502346,"Z":0.00755772739649},"AttitudeYaw":0.0254975371528,"DotNum":0},{"GravityX":{"Y":-0.897982060909,"X":-0.0185140240937,"Z":-0.439642369747},"UserAcceleration":{"Y":0.00450369389728,"X":-0.00649513071403,"Z":-0.000436379021266},"AttitudeRotationMatrix":[0.999758422375,-0.011847849004,0.0185140259564,-0.0114163430408,0.43988391757,0.897982060909,-0.0187831781805,-0.897976458073,0.439642369747],"AttitudePitch":1.11516200615,"Time":0.04065603,"AttitudeQuaternion":{"X":0.52920510036,"W":0.84842274958,"Y":-0.0109901583944,"Z":-0.00012714963833},"AttitudeRoll":-0.0420866905608,"RotationRate":{"Y":0.00702685397118,"X":-0.0491226054728,"Z":0.00639650924131},"AttitudeYaw":0.025947256807,"DotNum":0},{"GravityX":{"Y":-0.897380590439,"X":-0.0183287076652,"Z":-0.44087651372},"UserAcceleration":{"Y":0.0199544597417,"X":-0.000287014408968,"Z":-0.00359674869105},"AttitudeRotationMatrix":[0.999766469002,-0.0114507954568,0.0183287076652,-0.0113994274288,0.44111007452,0.897380590439,-0.0183607004583,-0.897379994392,0.44087651372],"AttitudePitch":1.11379700602,"Time":0.05625302,"AttitudeQuaternion":{"X":0.528625540495,"W":0.848786344569,"Y":-0.0108064323839,"Z":-1.51300315414e-05},"AttitudeRoll":-0.0415494112396,"RotationRate":{"Y":0.0410135053098,"X":-0.0701317414641,"Z":-0.00439753104001},"AttitudeYaw":0.0258368420483,"DotNum":0},{"GravityX":{"Y":-0.896243691444,"X":-0.0171773843467,"Z":-0.443229287863},"UserAcceleration":{"Y":0.00656472612172,"X":0.00493983505294,"Z":-0.0020374362357},"AttitudeRotationMatrix":[0.99979776144,-0.0104572018608,0.0171773843467,-0.0107602449134,0.443431466818,0.896243691444,-0.0169891938567,-0.896247267723,0.443229287863],"AttitudePitch":1.11122715864,"Time":0.08097303,"AttitudeQuaternion":{"X":0.527526539775,"W":0.849479037828,"Y":-0.0100551563351,"Z":8.91847876577e-05},"AttitudeRoll":-0.0387356884684,"RotationRate":{"Y":0.0346425436437,"X":-0.0561848469079,"Z":-0.0181199815124},"AttitudeYaw":0.0242610956153,"DotNum":0},{"GravityX":{"Y":-0.896055817604,"X":-0.0166377406567,"Z":-0.44362950325},"UserAcceleration":{"Y":0.00269951042719,"X":0.00955766160041,"Z":0.00272678467445},"AttitudeRotationMatrix":[0.999809145927,-0.0102384043857,0.0166377387941,-0.0103663103655,0.443820297718,0.896055877209,-0.0165583491325,-0.89605730772,0.443629473448],"AttitudePitch":1.11080384153,"Time":0.09641105,"AttitudeQuaternion":{"X":0.527342237192,"W":0.849596813753,"Y":-0.0097681890497,"Z":3.76372972137e-05},"AttitudeRoll":-0.037486114788,"RotationRate":{"Y":0.0176825057715,"X":-0.0148325711489,"Z":-0.012421824038},"AttitudeYaw":0.0233527517019,"DotNum":0},{"GravityX":{"Y":-0.896347224712,"X":-0.0160950664431,"Z":-0.443060547113},"UserAcceleration":{"Y":0.0155183384195,"X":0.00500192679465,"Z":-0.000176752742846},"AttitudeRotationMatrix":[0.999811172485,-0.0108902715147,0.0160950664431,-0.00960148125887,0.443248808384,0.896347224712,-0.0168955828995,-0.89633244276,0.443060547113],"AttitudePitch":1.1114605855,"Time":0.127023,"AttitudeQuaternion":{"X":0.527612970556,"W":0.849429297878,"Y":-0.00970965139868,"Z":-0.000379310692312},"AttitudeRoll":-0.0363110455828,"RotationRate":{"Y":-0.033311214298,"X":0.0338904485106,"Z":-0.0141681097448},"AttitudeYaw":0.0216582178392,"DotNum":0},{"GravityX":{"Y":-0.896418631077,"X":-0.0159307364374,"Z":-0.442921996117},"UserAcceleration":{"Y":0.0106764156371,"X":-0.00157109391876,"Z":0.00600183568895},"AttitudeRotationMatrix":[0.999807238579,-0.0114747658372,0.0159307383001,-0.00919776596129,0.443112969399,0.896418571472,-0.0173453092575,-0.896392345428,0.442922025919],"AttitudePitch":1.11162167302,"Time":0.166975,"AttitudeQuaternion":{"X":0.527677055043,"W":0.849388339711,"Y":-0.00979412027165,"Z":-0.00067018833744},"AttitudeRoll":-0.0359518668313,"RotationRate":{"Y":0.0123794022948,"X":-0.0105669181794,"Z":-0.015588526614},"AttitudeYaw":0.0207541758043,"DotNum":0},{"GravityX":{"Y":-0.89641058445,"X":-0.0156199997291,"Z":-0.442949295044},"UserAcceleration":{"Y":0.00593817094341,"X":-0.0102283889428,"Z":0.00462532555684},"AttitudeRotationMatrix":[0.999818682671,-0.0108921285719,0.0156199978665,-0.00917697139084,0.443129569292,0.896410644054,-0.0166855026037,-0.896391451359,0.442949265242],"AttitudePitch":1.11160357745,"Time":0.180706,"AttitudeQuaternion":{"X":0.527669348047,"W":0.849396488805,"Y":-0.00950836983015,"Z":-0.000504816540138},"AttitudeRoll":-0.0352490221314,"RotationRate":{"Y":0.0695792660117,"X":-0.00181902444456,"Z":-0.0164353977889},"AttitudeYaw":0.0207064931808,"DotNum":0},{"GravityX":{"Y":-0.896473288536,"X":-0.0148655772209,"Z":-0.442848294973},"UserAcceleration":{"Y":0.00955620314926,"X":-0.00565749406815,"Z":0.00942238420248},"AttitudeRotationMatrix":[0.999843418598,-0.00960208009928,0.0148655781522,-0.00907424744219,0.443004786968,0.896473288536,-0.0151935303584,-0.896467804909,0.442848294973],"AttitudePitch":1.1117451386,"Time":0.195924,"AttitudeQuaternion":{"X":0.52772869718,"W":0.849366893465,"Y":-0.00884750373815,"Z":-0.000155360488114},"AttitudeRoll":-0.033555503636,"RotationRate":{"Y":0.107698135078,"X":0.00680401036516,"Z":-0.0130654182285},"AttitudeYaw":0.020480542057,"DotNum":0},{"GravityX":{"Y":-0.896790206432,"X":-0.0138253420591,"Z":-0.442239910364},"UserAcceleration":{"Y":0.00396796502173,"X":0.000885888875928,"Z":0.00750175584108},"AttitudeRotationMatrix":[0.999872326851,-0.00800833851099,0.0138253420591,-0.00885693542659,0.442367315292,0.896790206432,-0.0132976789027,-0.896798193455,0.442239910364],"AttitudePitch":1.11246087863,"Time":0.224327,"AttitudeQuaternion":{"X":0.528030569588,"W":0.849187785543,"Y":-0.00798498920883,"Z":0.00024982585609},"AttitudeRoll":-0.0312519070217,"RotationRate":{"Y":0.0228639692068,"X":0.0201408360153,"Z":-0.000332129886374},"AttitudeYaw":0.0200190012305,"DotNum":0},{"GravityX":{"Y":-0.896822571754,"X":-0.0136069664732,"Z":-0.442181140184},"UserAcceleration":{"Y":0.0112634757534,"X":0.00443643378094,"Z":0.00857211928815},"AttitudeRotationMatrix":[0.999875485897,-0.00799084082246,0.0136069655418,-0.00866972096264,0.442305475473,0.89682251215,-0.0131848007441,-0.896828830242,0.442181140184],"AttitudePitch":1.11253394811,"Time":0.237648,"AttitudeQuaternion":{"X":0.52805986537,"W":0.849170491683,"Y":-0.00788762920784,"Z":0.00019986582962},"AttitudeRoll":-0.0307626734485,"RotationRate":{"Y":-0.00563226500526,"X":-0.0160238370299,"Z":-0.0092909866944},"AttitudeYaw":0.0195986971506,"DotNum":0},{"GravityX":{"Y":-0.896963477135,"X":-0.01366558671,"Z":-0.441893458366},"UserAcceleration":{"Y":0.0124724851921,"X":-0.00168475485407,"Z":0.0182026512921},"AttitudeRotationMatrix":[0.999871075153,-0.00843081530184,0.0136655857787,-0.00853202212602,0.442022383213,0.89696341753,-0.0136026283726,-0.896964371204,0.441893458366],"AttitudePitch":1.11285253316,"Time":0.266663,"AttitudeQuaternion":{"X":0.528193919515,"W":0.849085815746,"Y":-0.00802869845509,"Z":2.97986956065e-05},"AttitudeRoll":-0.0309152197756,"RotationRate":{"Y":0.00281827524304,"X":0.0146879171953,"Z":0.00702238129452},"AttitudeYaw":0.019299845466,"DotNum":0},{"GravityX":{"Y":-0.897050797939,"X":-0.013577782549,"Z":-0.441718786955},"UserAcceleration":{"Y":0.0153216905892,"X":-0.00213877041824,"Z":0.00711794523522},"AttitudeRotationMatrix":[0.999874651432,-0.008141791448,0.0135777816176,-0.00858363509178,0.441844075918,0.897050797939,-0.0133028626442,-0.897054970264,0.441718816757],"AttitudePitch":1.11305018401,"Time":0.291934,"AttitudeQuaternion":{"X":0.528278301681,"W":0.849034375519,"Y":-0.00791506374312,"Z":0.000130101739778},"AttitudeRoll":-0.0307288462257,"RotationRate":{"Y":0.0145718939602,"X":-0.0116876587272,"Z":-0.00707217864692},"AttitudeYaw":0.0194243991987,"DotNum":0},{"GravityX":{"Y":-0.896996617317,"X":-0.0129096712917,"Z":-0.441848814487},"UserAcceleration":{"Y":0.0075465599075,"X":-0.00453112507239,"Z":0.00819403491914},"AttitudeRotationMatrix":[0.999886751175,-0.00773296132684,0.0129096703604,-0.00816318020225,0.441961973906,0.896996676922,-0.0126420250162,-0.897000491619,0.441848814487],"AttitudePitch":1.11292759304,"Time":0.322068,"AttitudeQuaternion":{"X":0.528222479675,"W":0.849072667199,"Y":-0.00752341250649,"Z":0.000126673057657},"AttitudeRoll":-0.0292090841245,"RotationRate":{"Y":0.0262337587774,"X":-0.00619244715199,"Z":-0.0187083948404},"AttitudeYaw":0.0184682224372,"DotNum":0},{"GravityX":{"Y":-0.896966874599,"X":-0.0120675368235,"Z":-0.441933006048},"UserAcceleration":{"Y":0.00792879890651,"X":0.00320218014531,"Z":0.0051501695998},"AttitudeRotationMatrix":[0.999896943569,-0.00777594279498,0.0120675368235,-0.00738769490272,0.442036002874,0.896966934204,-0.0123090492561,-0.896963596344,0.441933006048],"AttitudePitch":1.11286029871,"Time":0.3619241,"AttitudeQuaternion":{"X":0.528187452002,"W":0.84909745625,"Y":-0.0071772049229,"Z":-0.000114311930486},"AttitudeRoll":-0.0272994740853,"RotationRate":{"Y":0.00392368016765,"X":0.01931604743,"Z":-0.0259540230036},"AttitudeYaw":0.0167113253454,"DotNum":0},{"GravityX":{"Y":-0.897192120552,"X":-0.0118073429912,"Z":-0.441482663155},"UserAcceleration":{"Y":0.00707063451409,"X":2.75578386209e-05,"Z":0.00875865295529},"AttitudeRotationMatrix":[0.999899625778,-0.00782783981413,0.0118073429912,-0.00713753094897,0.44158282876,0.897192060947,-0.0122369956225,-0.897186338902,0.441482663155],"AttitudePitch":1.11336997413,"Time":0.377095,"AttitudeQuaternion":{"X":0.528401874183,"W":0.848964831271,"Y":-0.00708048746544,"Z":-0.000203279651761},"AttitudeRoll":-0.0267383756849,"RotationRate":{"Y":0.00386721733958,"X":0.030855320394,"Z":-0.0119854891673},"AttitudeYaw":0.0161621083874,"DotNum":0},{"GravityX":{"Y":-0.897341609001,"X":-0.0119362482801,"Z":-0.441175192595},"UserAcceleration":{"Y":0.00830352678895,"X":-0.00361245777458,"Z":0.00335476431064},"AttitudeRotationMatrix":[0.999896883965,-0.00798100046813,0.0119362492114,-0.00718979304656,0.441278040409,0.897341609001,-0.0124288890511,-0.897334933281,0.441175192595],"AttitudePitch":1.11370864229,"Time":0.395269,"AttitudeQuaternion":{"X":0.528546033556,"W":0.848874281126,"Y":-0.0071757201171,"Z":-0.000233016789811},"AttitudeRoll":-0.0270489754617,"RotationRate":{"Y":-0.0162203647196,"X":0.00835317373276,"Z":-0.00373739283532},"AttitudeYaw":0.0162916701089,"DotNum":0},{"GravityX":{"Y":-0.897213578224,"X":-0.0121197020635,"Z":-0.441430538893},"UserAcceleration":{"Y":0.0185362026095,"X":-0.00510747078806,"Z":0.0123381335288},"AttitudeRotationMatrix":[0.9998934865,-0.00812881905586,0.0121197020635,-0.00728556420654,0.441536784172,0.897213637829,-0.0126445805654,-0.897206366062,0.441430538893],"AttitudePitch":1.11341860314,"Time":0.416961,"AttitudeQuaternion":{"X":0.528423643574,"W":0.848949473678,"Y":-0.00729262571931,"Z":-0.000248323036959},"AttitudeRoll":-0.02744861752,"RotationRate":{"Y":0.0167495701462,"X":-0.00740560796112,"Z":-0.00594948651269},"AttitudeYaw":0.0164989724045,"DotNum":0},{"GravityX":{"Y":-0.897326648235,"X":-0.0119805270806,"Z":-0.44120439887},"UserAcceleration":{"Y":0.0179168768227,"X":-0.00480414135382,"Z":0.0149806402624},"AttitudeRotationMatrix":[0.999896109104,-0.00801425427198,0.0119805270806,-0.00721444096416,0.441308021545,0.897326648235,-0.0124785071239,-0.897319853306,0.441204369068],"AttitudePitch":1.11367478033,"Time":0.431762,"AttitudeQuaternion":{"X":0.528531848393,"W":0.848882878973,"Y":-0.00720330045705,"Z":-0.000235548834914},"AttitudeRoll":-0.0271474707903,"RotationRate":{"Y":0.0113920979202,"X":0.0159986335784,"Z":-0.00891656428576},"AttitudeYaw":0.0163464000248,"DotNum":0},{"GravityX":{"Y":-0.897472858429,"X":-0.0116814542562,"Z":-0.440914899111},"UserAcceleration":{"Y":0.00741246249527,"X":0.0075615812093,"Z":0.00808410253376},"AttitudeRotationMatrix":[0.999900281429,-0.00793376006186,0.0116814542562,-0.00698558287695,0.441014319658,0.897472858429,-0.0122720226645,-0.897464990616,0.440914928913],"AttitudePitch":1.11400617969,"Time":0.447629,"AttitudeQuaternion":{"X":0.52867075649,"W":0.848797607509,"Y":-0.00705512063615,"Z":-0.000279270808909},"AttitudeRoll":-0.0264874743218,"RotationRate":{"Y":0.00823504570872,"X":0.00746975233778,"Z":-0.00794664304703},"AttitudeYaw":0.0158384861838,"DotNum":0},{"GravityX":{"Y":-0.897463977337,"X":-0.0114479828626,"Z":-0.440939217806},"UserAcceleration":{"Y":0.00812069885433,"X":0.00310142547823,"Z":0.00617052894086},"AttitudeRotationMatrix":[0.999903321266,-0.00789028126746,0.0114479837939,-0.00679491600022,0.441035479307,0.897463917732,-0.0121302092448,-0.897454977036,0.440939247608],"AttitudePitch":1.11398594164,"Time":0.462242,"AttitudeQuaternion":{"X":0.52866073302,"W":0.848804747168,"Y":-0.00694452769665,"Z":-0.000322619904146},"AttitudeRoll":-0.0259568935353,"RotationRate":{"Y":0.00827994197607,"X":-0.0073899300769,"Z":-0.0102303447202},"AttitudeYaw":0.0154055145232,"DotNum":0},{"GravityX":{"Y":-0.897320210934,"X":-0.0113252559677,"Z":-0.441234886646},"UserAcceleration":{"Y":0.0186275616288,"X":-0.0021635137964,"Z":0.00327711272985},"AttitudeRotationMatrix":[0.999905705452,-0.00776686426252,0.0113252559677,-0.0067352745682,0.441328823566,0.897320210934,-0.0119675258175,-0.897311866283,0.441234886646],"AttitudePitch":1.11366010301,"Time":0.4775921,"AttitudeQuaternion":{"X":0.528522000928,"W":0.848891834047,"Y":-0.00685976134017,"Z":-0.000303804733181},"AttitudeRoll":-0.0256615475001,"RotationRate":{"Y":0.0157171022147,"X":-0.0158898662776,"Z":-0.00816985964775},"AttitudeYaw":0.0152601687618,"DotNum":0},{"GravityX":{"Y":-0.897171199322,"X":-0.0110508147627,"Z":-0.44154471159},"UserAcceleration":{"Y":0.0173188969493,"X":0.00509988656268,"Z":-0.00463753798977},"AttitudeRotationMatrix":[0.999909579754,-0.00765918986872,0.0110508138314,-0.00653249910101,0.441634684801,0.897171199322,-0.0117520270869,-0.897162258625,0.44154471159],"AttitudePitch":1.1133226447,"Time":0.4874761,"AttitudeQuaternion":{"X":0.528377285265,"W":0.848983066056,"Y":-0.00671475165373,"Z":-0.000331776664},"AttitudeRoll":-0.0250223988293,"RotationRate":{"Y":0.00402796734124,"X":-0.00533068506047,"Z":-0.00595699623227},"AttitudeYaw":0.0147905566895,"DotNum":0},{"GravityX":{"Y":-0.897118031979,"X":-0.0110330348834,"Z":-0.441653221846},"UserAcceleration":{"Y":0.00438728975132,"X":0.00334260542877,"Z":-0.000866927730385},"AttitudeRotationMatrix":[0.999908745289,-0.00779790477827,0.0110330348834,-0.00645384704694,0.44174388051,0.897117972374,-0.0118694165722,-0.897107243538,0.441653251648],"AttitudePitch":1.1132022377,"Time":0.502342,"AttitudeQuaternion":{"X":0.528325575593,"W":0.849014988264,"Y":-0.00674383006257,"Z":-0.000395769660618},"AttitudeRoll":-0.0249760231593,"RotationRate":{"Y":-0.0193518139422,"X":0.0060410075821,"Z":0.01434921287},"AttitudeYaw":0.0146088910717,"DotNum":0},{"GravityX":{"Y":-0.897170186043,"X":-0.0113705163822,"Z":-0.441538602114},"UserAcceleration":{"Y":0.0108939614147,"X":-0.00138583139051,"Z":0.00397756136954},"AttitudeRotationMatrix":[0.999903857708,-0.00793450325727,0.0113705173135,-0.00669778417796,0.441634207964,0.897170186043,-0.0121402088553,-0.897160053253,0.441538602114],"AttitudePitch":1.11332041556,"Time":0.517011,"AttitudeQuaternion":{"X":0.528377488971,"W":0.848981251615,"Y":-0.00692321672005,"Z":-0.000364177234752},"AttitudeRoll":-0.0257463421326,"RotationRate":{"Y":-0.0151204001158,"X":0.0114215416834,"Z":0.0101525057107},"AttitudeYaw":0.0151647474581,"DotNum":0},{"GravityX":{"Y":-0.893425226212,"X":-0.0119451610371,"Z":-0.449053108692},"UserAcceleration":{"Y":0.0251390859485,"X":-0.0140710743144,"Z":-0.0176827348769},"AttitudeRotationMatrix":[0.999867796898,-0.0110314432532,0.0119451610371,-0.00571780977771,0.449175566435,0.893425226212,-0.0152212446556,-0.893375396729,0.449053108692],"AttitudePitch":1.10491323562,"Time":0.004904985,"AttitudeQuaternion":{"X":0.524794992099,"W":0.851189824301,"Y":-0.00797895042339,"Z":-0.00156064893427},"AttitudeRoll":-0.0265945050005,"RotationRate":{"Y":0.205678388476,"X":-0.0383911021054,"Z":0.00383564573713},"AttitudeYaw":0.0127288774054,"DotNum":1},{"GravityX":{"Y":-0.894071877003,"X":-0.0119008868933,"Z":-0.447765380144},"UserAcceleration":{"Y":0.00675804307684,"X":0.00945948064327,"Z":0.0254173539579},"AttitudeRotationMatrix":[0.999866187572,-0.0112255234271,0.0119008878246,-0.00561321899295,0.447888344526,0.894071817398,-0.0153666930273,-0.894019007683,0.447765409946],"AttitudePitch":1.1063548613,"Time":0.03464699,"AttitudeQuaternion":{"X":0.525407571505,"W":0.850811358917,"Y":-0.00801222820817,"Z":-0.00164910350131},"AttitudeRoll":-0.0265721427466,"RotationRate":{"Y":-0.0785047188401,"X":0.038221873343,"Z":-0.00879370514303},"AttitudeYaw":0.0125319740106,"DotNum":1},{"GravityX":{"Y":-0.894194126129,"X":-0.0120546631515,"Z":-0.447517096996},"UserAcceleration":{"Y":-0.00950765237212,"X":0.0188143067062,"Z":-0.0249560587108},"AttitudeRotationMatrix":[0.999850809574,-0.0123702930287,0.0120546631515,-0.00524244550616,0.447648763657,0.894194126129,-0.0164576992393,-0.894123911858,0.447517126799],"AttitudePitch":1.10662784921,"Time":0.044824,"AttitudeQuaternion":{"X":0.525519984236,"W":0.850737418855,"Y":-0.00837871962736,"Z":-0.00209460864236},"AttitudeRoll":-0.0269302542221,"RotationRate":{"Y":-0.0635494664311,"X":0.0120028108358,"Z":-0.0356647372246},"AttitudeYaw":0.011710534313,"DotNum":1},{"GravityX":{"Y":-0.894620895386,"X":-0.0115948719904,"Z":-0.446675539017},"UserAcceleration":{"Y":0.0217571146786,"X":-0.00769223738462,"Z":0.0161488000304},"AttitudeRotationMatrix":[0.999839425087,-0.0136622209102,0.0115948719904,-0.0042693442665,0.446805596352,0.894620895386,-0.0174031611532,-0.894526720047,0.446675539017],"AttitudePitch":1.10758201609,"Time":0.07470196,"AttitudeQuaternion":{"X":0.52591784083,"W":0.850488179764,"Y":-0.00852393796208,"Z":-0.00276102521509},"AttitudeRoll":-0.0259523255191,"RotationRate":{"Y":-0.016036035493,"X":0.0608580745757,"Z":-0.0137497456744},"AttitudeYaw":0.00955496869984,"DotNum":1},{"GravityX":{"Y":-0.894937217236,"X":-0.0115775484592,"Z":-0.446041882038},"UserAcceleration":{"Y":0.0210358314216,"X":-0.017520962283,"Z":0.0211761724204},"AttitudeRotationMatrix":[0.999841928482,-0.0134953465313,0.0115775484592,-0.00434063188732,0.446170985699,0.894937217236,-0.0172430537641,-0.894846022129,0.446041852236],"AttitudePitch":1.10829043123,"Time":0.08959496,"AttitudeQuaternion":{"X":0.526219773243,"W":0.850302124538,"Y":-0.00847363610979,"Z":-0.0026916065452},"AttitudeRoll":-0.0259503637352,"RotationRate":{"Y":0.02533377707,"X":0.0331670716405,"Z":0.00523459678516},"AttitudeYaw":0.00972832204715,"DotNum":1},{"GravityX":{"Y":-0.89499861002,"X":-0.0113291461021,"Z":-0.445924967527},"UserAcceleration":{"Y":0.0116520803422,"X":-0.00835469178855,"Z":0.0187399219722},"AttitudeRotationMatrix":[0.999854326248,-0.0127649176866,0.0113291451707,-0.00444646785036,0.446046680212,0.894998669624,-0.0164779126644,-0.894918680191,0.445924937725],"AttitudePitch":1.10842815016,"Time":0.105498,"AttitudeQuaternion":{"X":0.526280023922,"W":0.850268491683,"Y":-0.00817596386158,"Z":-0.0024458303256},"AttitudeRoll":-0.0254004811915,"RotationRate":{"Y":0.0668498501182,"X":-0.0271201059222,"Z":-0.00807657651603},"AttitudeYaw":0.00996828499181,"DotNum":1},{"GravityX":{"Y":-0.894694387913,"X":-0.0106740389019,"Z":-0.446551203728},"UserAcceleration":{"Y":0.0074263503775,"X":0.00388387776911,"Z":0.0187252629548},"AttitudeRotationMatrix":[0.999870836735,-0.0120164360851,0.0106740389019,-0.00418329238892,0.446659147739,0.894694387913,-0.015518695116,-0.894623458385,0.446551173925],"AttitudePitch":1.10774661056,"Time":0.129324,"AttitudeQuaternion":{"X":0.525989658185,"W":0.850452992734,"Y":-0.00769964203438,"Z":-0.0023026387419},"AttitudeRoll":-0.0238987307565,"RotationRate":{"Y":0.0584409199655,"X":-0.045107614249,"Z":-0.0189340189099},"AttitudeYaw":0.00936546311095,"DotNum":1},{"GravityX":{"Y":-0.894640743732,"X":-0.0101286489516,"Z":-0.446671456099},"UserAcceleration":{"Y":0.0157039482147,"X":-0.000537244952284,"Z":0.0241098217666},"AttitudeRotationMatrix":[0.999883949757,-0.011381065473,0.0101286480203,-0.00397726055235,0.446768581867,0.894640684128,-0.0147071266547,-0.894577145576,0.446671456099],"AttitudePitch":1.10762640322,"Time":0.14768,"AttitudeQuaternion":{"X":0.525938180989,"W":0.850488681209,"Y":-0.00730044268894,"Z":-0.00217633861832},"AttitudeRoll":-0.0226719498888,"RotationRate":{"Y":0.0529694594443,"X":0.01218446251,"Z":-0.00983426533639},"AttitudeYaw":0.00890204779545,"DotNum":1},{"GravityX":{"Y":-0.894986271858,"X":-0.00976092834026,"Z":-0.445986926556},"UserAcceleration":{"Y":0.018811326474,"X":-0.00014202616876,"Z":0.0185882356018},"AttitudeRotationMatrix":[0.999893963337,-0.0108050806448,0.00976092834026,-0.00391641911119,0.446076542139,0.894986212254,-0.0140245193616,-0.894929587841,0.445986926556],"AttitudePitch":1.10840038699,"Time":0.157327,"AttitudeQuaternion":{"X":0.526267645421,"W":0.850287807864,"Y":-0.00699335186986,"Z":-0.00202539121445},"AttitudeRoll":-0.0218826371516,"RotationRate":{"Y":0.0380522236228,"X":0.0482833050191,"Z":-0.00306360702962},"AttitudeYaw":0.00877947588827,"DotNum":1},{"GravityX":{"Y":-0.89515119791,"X":-0.00975674763322,"Z":-0.445655882359},"UserAcceleration":{"Y":0.0126896407455,"X":0.00722378864884,"Z":0.00153355579823},"AttitudeRotationMatrix":[0.999895095825,-0.0107071530074,0.00975674763322,-0.00396151933819,0.445745050907,0.89515119791,-0.0139335431159,-0.8950958848,0.445655852556],"AttitudePitch":1.10877025666,"Time":0.174759,"AttitudeQuaternion":{"X":0.526425243828,"W":0.850190567222,"Y":-0.00696617078735,"Z":-0.00198356526417},"AttitudeRoll":-0.0218895116486,"RotationRate":{"Y":-0.0137617010623,"X":0.00333902449347,"Z":0.00381719996221},"AttitudeYaw":0.00888717665882,"DotNum":1},{"GravityX":{"Y":-0.89490121603,"X":-0.00994187779725,"Z":-0.44615355134},"UserAcceleration":{"Y":0.0105933407322,"X":0.0127647537738,"Z":0.00444213300943},"AttitudeRotationMatrix":[0.999887824059,-0.0112050846219,0.00994187779725,-0.00389719777741,0.446247279644,0.89490121603,-0.0144639797509,-0.894839584827,0.44615355134],"AttitudePitch":1.10820976402,"Time":0.184421,"AttitudeQuaternion":{"X":0.526186026814,"W":0.850336500056,"Y":-0.00717535275501,"Z":-0.00214852783257},"AttitudeRoll":-0.0222798468663,"RotationRate":{"Y":-0.0453662276268,"X":-0.0572675839067,"Z":-0.0075297318399},"AttitudeYaw":0.00873304641053,"DotNum":1},{"GravityX":{"Y":-0.894531726837,"X":-0.00999292545021,"Z":-0.446892738342},"UserAcceleration":{"Y":0.00817919243127,"X":-0.0014053900959,"Z":0.0120019949973},"AttitudeRotationMatrix":[0.999879002571,-0.0119223315269,0.00999292545021,-0.00361026450992,0.446989864111,0.894531726837,-0.0151316411793,-0.894459605217,0.446892738342],"AttitudePitch":1.10738253201,"Time":0.199436,"AttitudeQuaternion":{"X":0.525831811611,"W":0.850552997821,"Y":-0.00738477363425,"Z":-0.00244313609311},"AttitudeRoll":-0.0223571774363,"RotationRate":{"Y":-0.0495541915298,"X":-0.0721072033048,"Z":-0.0130193326622},"AttitudeYaw":0.00807666134847,"DotNum":1},{"GravityX":{"Y":-0.894307076931,"X":-0.0102471550927,"Z":-0.447336405516},"UserAcceleration":{"Y":0.00995343178511,"X":-0.00701053533703,"Z":0.00800535269082},"AttitudeRotationMatrix":[0.999869704247,-0.0124751310796,0.0102471541613,-0.00358270434663,0.447439432144,0.894307136536,-0.0157415792346,-0.894227266312,0.447336405516],"AttitudePitch":1.10688018975,"Time":0.214931,"AttitudeQuaternion":{"X":0.525617221136,"W":0.850682887052,"Y":-0.00763760944393,"Z":-0.00261332033414},"AttitudeRoll":-0.0229030389936,"RotationRate":{"Y":-0.0274583436549,"X":-0.0178455058485,"Z":-0.00815028138459},"AttitudeYaw":0.00800695613293,"DotNum":1},{"GravityX":{"Y":-0.894188463688,"X":-0.0104707144201,"Z":-0.447568237782},"UserAcceleration":{"Y":0.0143209304661,"X":-0.00710741057992,"Z":-0.00950879789889},"AttitudeRotationMatrix":[0.999866902828,-0.0125098377466,0.0104707144201,-0.00376295298338,0.447674900293,0.894188523293,-0.0158736277372,-0.894108891487,0.447568237782],"AttitudePitch":1.10661523689,"Time":0.231143,"AttitudeQuaternion":{"X":0.525505427938,"W":0.850751143289,"Y":-0.00774149493338,"Z":-0.00257034178118},"AttitudeRoll":-0.0233904104902,"RotationRate":{"Y":0.0137336673215,"X":0.0290595684201,"Z":-0.00437906105071},"AttitudeYaw":0.0084053503387,"DotNum":1},{"GravityX":{"Y":-0.894327700138,"X":-0.0102636693046,"Z":-0.447294801474},"UserAcceleration":{"Y":0.0103402649984,"X":-0.00166870374233,"Z":-0.00859204307199},"AttitudeRotationMatrix":[0.999872505665,-0.0122309718281,0.0102636693046,-0.00370745314285,0.447397142649,0.894327700138,-0.0155304344371,-0.894251763821,0.447294771671],"AttitudePitch":1.10692628105,"Time":0.250907,"AttitudeQuaternion":{"X":0.525637838104,"W":0.850670984689,"Y":-0.00758051694755,"Z":-0.00250493981175},"AttitudeRoll":-0.022942069979,"RotationRate":{"Y":0.0211308058351,"X":0.03652985394,"Z":-0.00428567407653},"AttitudeYaw":0.00828652745161,"DotNum":1},{"GravityX":{"Y":-0.894496560097,"X":-0.00997911673039,"Z":-0.446963429451},"UserAcceleration":{"Y":0.0009113700944,"X":0.00453172903508,"Z":0.00635062204674},"AttitudeRotationMatrix":[0.999877512455,-0.0120581574738,0.00997911673039,-0.00353598874062,0.447060853243,0.894496560097,-0.0152472527698,-0.894422292709,0.446963459253],"AttitudePitch":1.10730388961,"Time":0.254715,"AttitudeQuaternion":{"X":0.525797791459,"W":0.850573590737,"Y":-0.00741451714887,"Z":-0.00250483011976},"AttitudeRoll":-0.0223227645091,"RotationRate":{"Y":0.00848682411015,"X":0.00772671680897,"Z":-0.000349075242411},"AttitudeYaw":0.0079092484071,"DotNum":1},{"GravityX":{"Y":-0.894539654255,"X":-0.00993783678859,"Z":-0.4468780756},"UserAcceleration":{"Y":0.00544055132195,"X":-0.000102446290839,"Z":0.0123993149027},"AttitudeRotationMatrix":[0.99987834692,-0.0120223155245,0.00993783771992,-0.00351654645056,0.446974784136,0.894539654255,-0.0151963997632,-0.894465744495,0.446878105402],"AttitudePitch":1.1074002974,"Time":0.269953,"AttitudeQuaternion":{"X":0.525838744455,"W":0.850548521227,"Y":-0.00738765525759,"Z":-0.00250008355925},"AttitudeRoll":-0.0222346982806,"RotationRate":{"Y":0.00217750528827,"X":-0.0092959376052,"Z":-0.00160341139417},"AttitudeYaw":0.00786727571736,"DotNum":1},{"GravityX":{"Y":-0.89460170269,"X":-0.0101729845628,"Z":-0.446748554707},"UserAcceleration":{"Y":0.019540688023,"X":-0.00764928059652,"Z":0.0153368068859},"AttitudeRotationMatrix":[0.999877035618,-0.0119330240414,0.0101729845628,-0.00376897957176,0.446848511696,0.89460170269,-0.0152210863307,-0.894530057907,0.446748584509],"AttitudePitch":1.10753913603,"Time":0.28495,"AttitudeQuaternion":{"X":0.525899237633,"W":0.85051073856,"Y":-0.00746435949211,"Z":-0.00239974761253},"AttitudeRoll":-0.0227672303542,"RotationRate":{"Y":0.0127627560869,"X":-0.00607418781146,"Z":-0.000479864800582},"AttitudeYaw":0.0084343812628,"DotNum":1},{"GravityX":{"Y":-0.894659399986,"X":-0.0101493597031,"Z":-0.446633577347},"UserAcceleration":{"Y":0.0190185308456,"X":-0.00591814564541,"Z":0.0154507113621},"AttitudeRotationMatrix":[0.999880313873,-0.0116754379123,0.0101493587717,-0.00386488926597,0.446732163429,0.894659340382,-0.0149795850739,-0.894591510296,0.446633577347],"AttitudePitch":1.10766822316,"Time":0.299851,"AttitudeQuaternion":{"X":0.525954988624,"W":0.850477227813,"Y":-0.00738671874308,"Z":-0.00229593108875},"AttitudeRoll":-0.0227202196735,"RotationRate":{"Y":0.0222672428936,"X":0.00565930781886,"Z":-0.000337544246577},"AttitudeYaw":0.00865125208652,"DotNum":1},{"GravityX":{"Y":-0.894782960415,"X":-0.00988379027694,"Z":-0.446391940117},"UserAcceleration":{"Y":0.0133132347837,"X":0.00585546996444,"Z":0.0131491404027},"AttitudeRotationMatrix":[0.999887049198,-0.0113208461553,0.00988379120827,-0.00378968426958,0.446485251188,0.894782960415,-0.0145426671952,-0.894719421864,0.446391940117],"AttitudePitch":1.1079448785,"Time":0.314879,"AttitudeQuaternion":{"X":0.526072681872,"W":0.850406413123,"Y":-0.00718081884123,"Z":-0.00221398921826},"AttitudeRoll":-0.0221378899489,"RotationRate":{"Y":0.0244061760604,"X":0.00142311223317,"Z":0.00606063893065},"AttitudeYaw":0.00848761045653,"DotNum":1},{"GravityX":{"Y":-0.894698917866,"X":-0.00977834314108,"Z":-0.446562737226},"UserAcceleration":{"Y":0.0106351776049,"X":0.00736745400354,"Z":0.00656028231606},"AttitudeRotationMatrix":[0.999890625477,-0.0110979601741,0.00977834314108,-0.00379214272834,0.446653664112,0.894698917866,-0.0142968650907,-0.894638121128,0.446562737226],"AttitudePitch":1.10775664249,"Time":0.339393,"AttitudeQuaternion":{"X":0.52599292037,"W":0.850456788762,"Y":-0.00707714033837,"Z":-0.00214761567513},"AttitudeRoll":-0.0218934091904,"RotationRate":{"Y":0.00539316842332,"X":-0.0220663640648,"Z":0.0079070776701},"AttitudeYaw":0.00848991490105,"DotNum":1},{"GravityX":{"Y":-0.894430696964,"X":-0.00937714055181,"Z":-0.447108209133},"UserAcceleration":{"Y":0.0140748834237,"X":0.00370087125339,"Z":0.0144605133682},"AttitudeRotationMatrix":[0.999895393848,-0.0110127376392,0.00937714148313,-0.00346274464391,0.447193145752,0.894430756569,-0.01404352393,-0.894369602203,0.447108209133],"AttitudePitch":1.10715660552,"Time":0.368451,"AttitudeQuaternion":{"X":0.525736159166,"W":0.850616943999,"Y":-0.00688343472736,"Z":-0.0022189757568},"AttitudeRoll":-0.0209697919535,"RotationRate":{"Y":0.0170840471983,"X":-0.0239649880677,"Z":-0.0080687161535},"AttitudeYaw":0.0077431312057,"DotNum":1},{"GravityX":{"Y":-0.894392371178,"X":-0.00905077625066,"Z":-0.447191625834},"UserAcceleration":{"Y":0.011854541488,"X":0.00117724121083,"Z":0.0143913310021},"AttitudeRotationMatrix":[0.999902546406,-0.0106296706945,0.00905077531934,-0.00334093067795,0.447270750999,0.894392371178,-0.0135552436113,-0.894335389137,0.447191655636],"AttitudePitch":1.10707089062,"Time":0.384672,"AttitudeQuaternion":{"X":0.525699579226,"W":0.850641653939,"Y":-0.00664381408813,"Z":-0.00214212992146},"AttitudeRoll":-0.0202363828444,"RotationRate":{"Y":0.0393012538552,"X":-0.0122041329741,"Z":-0.00576787395403},"AttitudeYaw":0.00746945490646,"DotNum":1},{"GravityX":{"Y":-0.894266247749,"X":-0.00877109915018,"Z":-0.44744938612},"UserAcceleration":{"Y":0.00860035326332,"X":-0.00110133737326,"Z":-0.00355464918539},"AttitudeRotationMatrix":[0.999909222126,-0.0102274296805,0.00877109915018,-0.00326697970741,0.447523385286,0.894266307354,-0.0130713172257,-0.894213736057,0.447449356318],"AttitudePitch":1.10678896592,"Time":0.394897,"AttitudeQuaternion":{"X":0.525579783796,"W":0.850717641569,"Y":-0.00641882101026,"Z":-0.00204546431432},"AttitudeRoll":-0.0195999287906,"RotationRate":{"Y":0.0287096668035,"X":-0.0100492499769,"Z":-0.0121611719951},"AttitudeYaw":0.00730000225418,"DotNum":1},{"GravityX":{"Y":-0.894117712975,"X":-0.00855597853661,"Z":-0.447750329971},"UserAcceleration":{"Y":0.0108474204317,"X":0.00260505033657,"Z":-0.00394033826888},"AttitudeRotationMatrix":[0.999912321568,-0.0101050361991,0.00855597760528,-0.00312507618219,0.447821140289,0.894117712975,-0.0128666395321,-0.894066095352,0.447750300169],"AttitudePitch":1.10645711682,"Time":0.41576,"AttitudeQuaternion":{"X":0.52543811034,"W":0.850806065535,"Y":-0.00629480051822,"Z":-0.0020509844908},"AttitudeRoll":-0.0191064891532,"RotationRate":{"Y":0.00431658653542,"X":-0.00811780616641,"Z":-0.00367259653285},"AttitudeYaw":0.00697828857025,"DotNum":1},{"GravityX":{"Y":-0.894075930119,"X":-0.00841063447297,"Z":-0.447836488485},"UserAcceleration":{"Y":0.00917295832187,"X":0.00694579072297,"Z":-0.00159588106908},"AttitudeRotationMatrix":[0.99991184473,-0.0102735115215,0.00841063447297,-0.00291843619198,0.447905987501,0.894075870514,-0.0129524730146,-0.894021630287,0.447836518288],"AttitudePitch":1.10636385162,"Time":0.42471,"AttitudeQuaternion":{"X":0.525397327438,"W":0.85083110864,"Y":-0.00627712895158,"Z":-0.00216114417722},"AttitudeRoll":-0.018778384389,"RotationRate":{"Y":-0.0190774071962,"X":0.0193927343935,"Z":-0.000246678391704},"AttitudeYaw":0.00651564200511,"DotNum":1},{"GravityX":{"Y":-0.894329726696,"X":-0.00863288901746,"Z":-0.44732517004},"UserAcceleration":{"Y":0.0114256758243,"X":0.00245307921432,"Z":0.000959816388786},"AttitudeRotationMatrix":[0.999906182289,-0.0106343133375,0.00863288808614,-0.00296314922161,0.447398632765,0.894329726696,-0.0133729251102,-0.894271433353,0.447325140238],"AttitudePitch":1.10693083209,"Time":0.439933,"AttitudeQuaternion":{"X":0.525638269087,"W":0.85068061223,"Y":-0.00646711990497,"Z":-0.0022544194397},"AttitudeRoll":-0.0192965157605,"RotationRate":{"Y":-0.0329606160522,"X":0.0521862208843,"Z":0.00964782107621},"AttitudeYaw":0.0066229664461,"DotNum":1},{"GravityX":{"Y":-0.894616425037,"X":-0.00914121884853,"Z":-0.446741402149},"UserAcceleration":{"Y":0.0162289775908,"X":-0.0052935956046,"Z":0.00187140947673},"AttitudeRotationMatrix":[0.999898433685,-0.010934564285,0.00914121884853,-0.003292407142,0.446822792292,0.894616425037,-0.0138667458668,-0.8945556283,0.446741431952],"AttitudePitch":1.10757204661,"Time":0.455245,"AttitudeQuaternion":{"X":0.525912121493,"W":0.850509057121,"Y":-0.00676299800487,"Z":-0.00224634795816},"AttitudeRoll":-0.020459136559,"RotationRate":{"Y":-0.024491360411,"X":0.0543336085975,"Z":0.0107549056411},"AttitudeYaw":0.0073683509148,"DotNum":1},{"GravityX":{"Y":-0.894842803478,"X":-0.00922891311347,"Z":-0.446286052465},"UserAcceleration":{"Y":0.0172335207462,"X":-0.0014369803248,"Z":0.00124820589554},"AttitudeRotationMatrix":[0.999896645546,-0.0110244089738,0.00922891311347,-0.00333781703375,0.446368962526,0.894842743874,-0.0139846131206,-0.894781112671,0.446286022663],"AttitudePitch":1.10807885564,"Time":0.464978,"AttitudeQuaternion":{"X":0.526127743413,"W":0.850375162695,"Y":-0.00682449586298,"Z":-0.00225976515198},"AttitudeRoll":-0.0206764207048,"RotationRate":{"Y":-0.00109395873733,"X":0.0333317667246,"Z":-0.0043242899701},"AttitudeYaw":0.0074775686083,"DotNum":1},{"GravityX":{"Y":-0.894930481911,"X":-0.00904882978648,"Z":-0.446113884449},"UserAcceleration":{"Y":0.00577029818669,"X":0.000961671874393,"Z":0.0074237016961},"AttitudeRotationMatrix":[0.999898910522,-0.010966447182,0.00904882978648,-0.00320523348637,0.446194142103,0.894930481911,-0.0138517422602,-0.894868969917,0.446113884449],"AttitudePitch":1.10827531851,"Time":0.480184,"AttitudeQuaternion":{"X":0.526210722557,"W":0.850324489146,"Y":-0.00673289211374,"Z":-0.00228183875665},"AttitudeRoll":-0.020280896062,"RotationRate":{"Y":0.0106738759205,"X":-0.000568718474824,"Z":-0.00352939288132},"AttitudeYaw":0.00718337131443,"DotNum":1},{"GravityX":{"Y":-0.894813776016,"X":-0.00893861614168,"Z":-0.446350067854},"UserAcceleration":{"Y":0.0052263927646,"X":-0.000262433226453,"Z":0.00682063726708},"AttitudeRotationMatrix":[0.999901711941,-0.0108028417453,0.00893861614168,-0.0031760155689,0.446428209543,0.894813835621,-0.013656983152,-0.894754230976,0.446350008249],"AttitudePitch":1.10801394006,"Time":0.501078,"AttitudeQuaternion":{"X":0.526099654571,"W":0.850394026894,"Y":-0.00664268538118,"Z":-0.00224214493664},"AttitudeRoll":-0.0200233467626,"RotationRate":{"Y":0.012882954441,"X":-0.0324418470263,"Z":-0.00491741299629},"AttitudeYaw":0.00711416010782,"DotNum":1},{"GravityX":{"Y":-0.892561018467,"X":-0.0140102980658,"Z":-0.450708925724},"UserAcceleration":{"Y":-0.0038470600266,"X":0.0205105431378,"Z":-0.0486807227135},"AttitudeRotationMatrix":[0.99975413084,-0.0171852037311,0.0140102980658,-0.00475738104433,0.450901538134,0.892561078072,-0.0216561071575,-0.892408251762,0.450708925724],"AttitudePitch":1.10299309188,"Time":0.001075983,"AttitudeQuaternion":{"X":0.523961759771,"W":0.851669627416,"Y":-0.0104695546197,"Z":-0.00364807644188},"AttitudeRoll":-0.0310750186328,"RotationRate":{"Y":0.272566437721,"X":-0.022415664047,"Z":-0.0179180838168},"AttitudeYaw":0.0105504281188,"DotNum":2},{"GravityX":{"Y":-0.892980337143,"X":-0.0132469572127,"Z":-0.449900716543},"UserAcceleration":{"Y":0.0192315503955,"X":0.00859302654862,"Z":0.0372877940536},"AttitudeRotationMatrix":[0.999803245068,-0.0147660318762,0.0132469572127,-0.005184605252,0.450065821409,0.892980337143,-0.0191477797925,-0.892873287201,0.449900686741],"AttitudePitch":1.10392383259,"Time":0.02629602,"AttitudeQuaternion":{"X":0.524365493688,"W":0.851435517199,"Y":-0.00951179992861,"Z":-0.00281331547813},"AttitudeRoll":-0.0294356754395,"RotationRate":{"Y":-0.0721238255501,"X":0.0695036426187,"Z":0.00463435659185},"AttitudeYaw":0.0115191517435,"DotNum":2},{"GravityX":{"Y":-0.893692731857,"X":-0.0135820964351,"Z":-0.448473930359},"UserAcceleration":{"Y":-0.00208975886926,"X":0.00367914210074,"Z":0.041827198118},"AttitudeRotationMatrix":[0.999785900116,-0.0156103242189,0.0135820955038,-0.0051357448101,0.448650151491,0.893692731857,-0.0200444422662,-0.893571138382,0.448473900557],"AttitudePitch":1.10550906017,"Time":0.04054701,"AttitudeQuaternion":{"X":0.525038526601,"W":0.851015566976,"Y":-0.00987835592383,"Z":-0.00307708200487},"AttitudeRoll":-0.0302758870322,"RotationRate":{"Y":-0.0381367392838,"X":0.046338878572,"Z":-0.00298630958423},"AttitudeYaw":0.0114466052234,"DotNum":2},{"GravityX":{"Y":-0.893717706203,"X":-0.0134431524202,"Z":-0.448428303003},"UserAcceleration":{"Y":0.00643437728286,"X":0.00303665804677,"Z":-0.0169800147414},"AttitudeRotationMatrix":[0.999785721302,-0.0157428663224,0.0134431533515,-0.00495315669104,0.448602437973,0.893717706203,-0.0201003104448,-0.893592774868,0.448428303003],"AttitudePitch":1.10556476111,"Time":0.05479199,"AttitudeQuaternion":{"X":0.525060702157,"W":0.851001826392,"Y":-0.00985410967494,"Z":-0.00316970818693},"AttitudeRoll":-0.0299693996822,"RotationRate":{"Y":0.0034019195009,"X":-0.0192174725235,"Z":-0.0206140410155},"AttitudeYaw":0.01104085722,"DotNum":2},{"GravityX":{"Y":-0.893485367298,"X":-0.0128527963534,"Z":-0.448908388615},"UserAcceleration":{"Y":0.0131905479357,"X":0.0160571429878,"Z":-0.0274404920638},"AttitudeRotationMatrix":[0.999791264534,-0.0158800557256,0.0128527954221,-0.0043534161523,0.449071258307,0.893485307693,-0.0199604183435,-0.893354773521,0.448908388615],"AttitudePitch":1.10504710781,"Time":0.07130402,"AttitudeQuaternion":{"X":0.524836085067,"W":0.851142015337,"Y":-0.00963799686866,"Z":-0.00338563963343},"AttitudeRoll":-0.0286234041937,"RotationRate":{"Y":0.0193800888956,"X":-0.0348488837481,"Z":-0.0431124307215},"AttitudeYaw":0.00969396395608,"DotNum":2},{"GravityX":{"Y":-0.893346965313,"X":-0.0120738707483,"Z":-0.44920527935},"UserAcceleration":{"Y":0.008245668374,"X":-0.00417673913762,"Z":0.00901973154396},"AttitudeRotationMatrix":[0.999809145927,-0.0153578240424,0.0120738707483,-0.00388584798202,0.449350714684,0.893346965313,-0.0191452689469,-0.89322334528,0.44920527935],"AttitudePitch":1.10473911235,"Time":0.08475202,"AttitudeQuaternion":{"X":0.524703052322,"W":0.85122928021,"Y":-0.00916884014244,"Z":-0.00336923826435},"AttitudeRoll":-0.0268718233387,"RotationRate":{"Y":0.071119107306,"X":0.0139389298856,"Z":-0.0137309031561},"AttitudeYaw":0.0086474803398,"DotNum":2},{"GravityX":{"Y":-0.893509685993,"X":-0.0115761961788,"Z":-0.4488946