[{"GravityX":{"Y":-0.9540194273,"X":0.0380000062287,"Z":-0.29732632637},"UserAcceleration":{"Y":0.0165346823633,"X":0.0029240665026,"Z":0.00193141994532},"AttitudeRotationMatrix":[0.998995661736,0.0237408298999,-0.0380000062287,0.029199725017,0.298319131136,0.954019486904,0.0339853428304,-0.954170882702,0.297326296568],"AttitudePitch":1.26637119367,"Time":0.006513,"AttitudeQuaternion":{"X":0.592315417258,"W":0.805394491826,"Y":0.0223447478264,"Z":-0.00169447913704},"AttitudeRoll":0.127116594923,"RotationRate":{"Y":-0.0122829889879,"X":0.0064306743443,"Z":-0.0162350591272},"AttitudeYaw":-0.0975700256004,"DotNum":0},{"GravityX":{"Y":-0.954020917416,"X":0.0382635630667,"Z":-0.29728782177},"UserAcceleration":{"Y":0.0136522371322,"X":0.00258421525359,"Z":0.00283895712346},"AttitudeRotationMatrix":[0.998991429806,0.0234961379319,-0.0382635593414,0.0295255314559,0.298282414675,0.954020917416,0.0338291525841,-0.954188406467,0.29728782177],"AttitudePitch":1.26637608499,"Time":0.01043296,"AttitudeQuaternion":{"X":0.59233039894,"W":0.805382146544,"Y":0.0223784193878,"Z":-0.0018715942114},"AttitudeRoll":0.128005073388,"RotationRate":{"Y":-0.0112315965816,"X":0.0074618011713,"Z":-0.0130265941843},"AttitudeYaw":-0.0986637699741,"DotNum":0},{"GravityX":{"Y":-0.954067409039,"X":0.0384961776435,"Z":-0.297108441591},"UserAcceleration":{"Y":0.0142328171059,"X":0.00291617680341,"Z":0.00476528797299},"AttitudeRotationMatrix":[0.998985350132,0.0233734063804,-0.0384961776435,0.0297903940082,0.298107206821,0.954067409039,0.0337757952511,-0.954246222973,0.297108411789],"AttitudePitch":1.26653133238,"Time":0.02599996,"AttitudeQuaternion":{"X":0.592403940952,"W":0.805326173329,"Y":0.0224356200397,"Z":-0.00199204665467},"AttitudeRoll":0.128851589829,"RotationRate":{"Y":-0.00171492062509,"X":0.0149421356618,"Z":-0.0129289440811},"AttitudeYaw":-0.0996011421953,"DotNum":0},{"GravityX":{"Y":-0.954176366329,"X":0.0388310626149,"Z":-0.29671472311},"UserAcceleration":{"Y":0.00910799670964,"X":0.000811269914266,"Z":0.00742334779352},"AttitudeRotationMatrix":[0.99897134304,0.0234168469906,-0.0388310626149,0.0301108509302,0.297726094723,0.954176366329,0.0339048206806,-0.95436412096,0.296714752913],"AttitudePitch":1.26689518317,"Time":0.04107898,"AttitudeQuaternion":{"X":0.592564460846,"W":0.805203728987,"Y":0.0225830688186,"Z":-0.00207835754311},"AttitudeRoll":0.130130474684,"RotationRate":{"Y":0.0120464228094,"X":0.0203138962388,"Z":-0.0128438351676},"AttitudeYaw":-0.100793363193,"DotNum":0},{"GravityX":{"Y":-0.954281151295,"X":0.0391031503677,"Z":-0.296341657639},"UserAcceleration":{"Y":0.0091212624684,"X":0.000661253696308,"Z":0.00836254190654},"AttitudeRotationMatrix":[0.998958826065,0.0234992858022,-0.0391031503677,0.0303591508418,0.297364741564,0.95428109169,0.0340528264642,-0.954474687576,0.296341717243],"AttitudePitch":1.26724565585,"Time":0.05811,"AttitudeQuaternion":{"X":0.592716723599,"W":0.805087756922,"Y":0.0227167699143,"Z":-0.00213016087908},"AttitudeRoll":0.131194993902,"RotationRate":{"Y":0.00781844742596,"X":0.0171200670302,"Z":-0.0139515725896},"AttitudeYaw":-0.101741488716,"DotNum":0},{"GravityX":{"Y":-0.954381346703,"X":0.0393355973065,"Z":-0.29598814249},"UserAcceleration":{"Y":0.0112966150045,"X":-0.00190578936599,"Z":0.0135937388986},"AttitudeRotationMatrix":[0.99894618988,0.0236484128982,-0.0393356010318,0.0305492188782,0.297023594379,0.954381287098,0.0342532023788,-0.95457726717,0.29598814249],"AttitudePitch":1.26758091184,"Time":0.070678,"AttitudeQuaternion":{"X":0.592860529556,"W":0.804977938005,"Y":0.022854291921,"Z":-0.00214316629777},"AttitudeRoll":0.13212167431,"RotationRate":{"Y":0.0163477752358,"X":-0.00306742731482,"Z":-0.0120092984289},"AttitudeYaw":-0.102490768116,"DotNum":0},{"GravityX":{"Y":-0.954257845879,"X":0.0395820662379,"Z":-0.29635322094},"UserAcceleration":{"Y":0.0118139935657,"X":0.000456995971035,"Z":0.00576484436169},"AttitudeRotationMatrix":[0.998932480812,0.0238156765699,-0.0395820662379,0.0307214558125,0.297402352095,0.954257845879,0.0344980955124,-0.954455137253,0.29635322094],"AttitudePitch":1.26716760448,"Time":0.110939,"AttitudeQuaternion":{"X":0.592700784822,"W":0.80509130735,"Y":0.0230036521227,"Z":-0.0021444090192},"AttitudeRoll":0.132777979404,"RotationRate":{"Y":-0.00160029856488,"X":-0.0340886004269,"Z":-0.00171405775473},"AttitudeYaw":-0.102934206492,"DotNum":0},{"GravityX":{"Y":-0.95412260294,"X":0.039530236274,"Z":-0.29679530859},"UserAcceleration":{"Y":0.0114651089534,"X":-0.00220723636448,"Z":0.00133939017542},"AttitudeRotationMatrix":[0.998936355114,0.0237391069531,-0.039530236274,0.0306788533926,0.297840416431,0.954122543335,0.0344237200916,-0.954320430756,0.296795338392],"AttitudePitch":1.26671552869,"Time":0.124403,"AttitudeQuaternion":{"X":0.592515950701,"W":0.805228550873,"Y":0.0229605481344,"Z":-0.00215458898901},"AttitudeRoll":0.132410916628,"RotationRate":{"Y":-0.00906175095588,"X":-0.0203339084983,"Z":0.0016070776619},"AttitudeYaw":-0.102642353581,"DotNum":0},{"GravityX":{"Y":-0.954030752182,"X":0.0395127795637,"Z":-0.297092735767},"UserAcceleration":{"Y":0.0111901601776,"X":0.000633094576187,"Z":-0.00490921642631},"AttitudeRotationMatrix":[0.99894297123,0.0234872903675,-0.0395127795637,0.030726628378,0.298129588366,0.954030692577,0.0341875217855,-0.954236328602,0.29709276557],"AttitudePitch":1.26640893754,"Time":0.140531,"AttitudeQuaternion":{"X":0.592393597785,"W":0.805320630459,"Y":0.022879180335,"Z":-0.00224734669841},"AttitudeRoll":0.132222172973,"RotationRate":{"Y":-0.0197183880955,"X":0.00412180460989,"Z":-0.00242693605833},"AttitudeYaw":-0.102702068047,"DotNum":0},{"GravityX":{"Y":-0.954071521759,"X":0.0394822694361,"Z":-0.296965777874},"UserAcceleration":{"Y":0.0151371955872,"X":8.3771381469e-05,"Z":-0.00579910119995},"AttitudeRotationMatrix":[0.99895131588,0.0231822561473,-0.0394822657108,0.0307930689305,0.29799208045,0.954071521759,0.0338829383254,-0.954286813736,0.296965748072],"AttitudePitch":1.26654505144,"Time":0.150504,"AttitudeQuaternion":{"X":0.592451133435,"W":0.805280890688,"Y":0.0227762781316,"Z":-0.00236278185686},"AttitudeRoll":0.132177081913,"RotationRate":{"Y":-0.0166048984975,"X":0.0285975281149,"Z":-0.00323392474093},"AttitudeYaw":-0.10296970207,"DotNum":0},{"GravityX":{"Y":-0.954167366028,"X":0.0395882055163,"Z":-0.29664349556},"UserAcceleration":{"Y":0.0169725641608,"X":0.000908621004783,"Z":-0.000582445878536},"AttitudeRotationMatrix":[0.998950898647,0.0230189152062,-0.0395882055163,0.0309542454779,0.29766830802,0.954167425632,0.0337480530143,-0.954391777515,0.296643465757],"AttitudePitch":1.26686521665,"Time":0.164955,"AttitudeQuaternion":{"X":0.592587350607,"W":0.805180527983,"Y":0.0227701288879,"Z":-0.00246383621788},"AttitudeRoll":0.13266989949,"RotationRate":{"Y":-0.00284537323751,"X":0.0393667817116,"Z":-0.0105506302789},"AttitudeYaw":-0.103616628779,"DotNum":0},{"GravityX":{"Y":-0.954291582108,"X":0.0397698357701,"Z":-0.296219438314},"UserAcceleration":{"Y":0.0155861228704,"X":0.000772765022703,"Z":0.00193844712339},"AttitudeRotationMatrix":[0.998942553997,0.0230687633157,-0.0397698357701,0.0311277024448,0.297251880169,0.954291522503,0.0338359847665,-0.95452028513,0.296219468117],"AttitudePitch":1.26728042815,"Time":0.181011,"AttitudeQuaternion":{"X":0.592762857425,"W":0.805048733516,"Y":0.0228575674719,"Z":-0.00250262477922},"AttitudeRoll":0.133459957876,"RotationRate":{"Y":0.00778574356809,"X":0.0255643986166,"Z":-0.00853822566569},"AttitudeYaw":-0.104338001471,"DotNum":0},{"GravityX":{"Y":-0.954340219498,"X":0.0398195832968,"Z":-0.296056061983},"UserAcceleration":{"Y":0.0155584616587,"X":-0.0026796895545,"Z":0.00301100313663},"AttitudeRotationMatrix":[0.998940706253,0.0230621621013,-0.0398195832968,0.0311829224229,0.297089904547,0.954340159893,0.0338391438127,-0.954570949078,0.296056061983],"AttitudePitch":1.2674431888,"Time":0.195483,"AttitudeQuaternion":{"X":0.592831081073,"W":0.804997927423,"Y":0.0228754402714,"Z":-0.00252198152751},"AttitudeRoll":0.13369778999,"RotationRate":{"Y":-0.00272405543365,"X":0.0126484371722,"Z":-0.00328162754886},"AttitudeYaw":-0.104578319176,"DotNum":0},{"GravityX":{"Y":-0.954394042492,"X":0.039820201695,"Z":-0.295882314444},"UserAcceleration":{"Y":0.0162684433162,"X":-0.00190211192239,"Z":0.00891026295722},"AttitudeRotationMatrix":[0.998941242695,0.0230377353728,-0.039820201695,0.031196936965,0.296915382147,0.954394102097,0.0338103100657,-0.954625844955,0.295882314444],"AttitudePitch":1.26762352171,"Time":0.210964,"AttitudeQuaternion":{"X":0.592904621629,"W":0.804943931561,"Y":0.0228682112032,"Z":-0.00253408973312},"AttitudeRoll":0.133777422642,"RotationRate":{"Y":-0.000590895535424,"X":0.00625459430739,"Z":-0.00121171434876},"AttitudeYaw":-0.104686020253,"DotNum":0},{"GravityX":{"Y":-0.954444050789,"X":0.0396550297737,"Z":-0.295743197203},"UserAcceleration":{"Y":0.0171576701105,"X":-0.00616198824719,"Z":0.00657388754189},"AttitudeRotationMatrix":[0.998945891857,0.0231215767562,-0.0396550297737,0.0310193412006,0.296773254871,0.954444050789,0.0338368043303,-0.954668045044,0.295743197203],"AttitudePitch":1.26779101883,"Time":0.223287,"AttitudeQuaternion":{"X":0.592964887574,"W":0.804900976612,"Y":0.0228263581413,"Z":-0.00245302413679},"AttitudeRoll":0.133291004506,"RotationRate":{"Y":0.0100137768313,"X":-0.000140916206874,"Z":0.00407390063629},"AttitudeYaw":-0.104143870793,"DotNum":0},{"GravityX":{"Y":-0.954463541508,"X":0.03967243433,"Z":-0.295677930117},"UserAcceleration":{"Y":0.0179248470813,"X":-0.00324970507063,"Z":0.00664595561102},"AttitudeRotationMatrix":[0.998937785625,0.0234383698553,-0.0396724380553,0.030944166705,0.296718388796,0.954463481903,0.0341426096857,-0.954677343369,0.295677930117],"AttitudePitch":1.26785636288,"Time":0.235394,"AttitudeQuaternion":{"X":0.592988506815,"W":0.804881068188,"Y":0.0229273139212,"Z":-0.00233133744833},"AttitudeRoll":0.133377898083,"RotationRate":{"Y":0.0248448383063,"X":0.00421933270991,"Z":-0.000109703418275},"AttitudeYaw":-0.103912364717,"DotNum":0},{"GravityX":{"Y":-0.95458137989,"X":0.0400001071393,"Z":-0.295253157616},"UserAcceleration":{"Y":0.013236137107,"X":0.0012596588349,"Z":0.00287951063365},"AttitudeRotationMatrix":[0.998911201954,0.024007761851,-0.0400001071393,0.0311031807214,0.296322524548,0.954581320286,0.0347702912986,-0.954786121845,0.295253187418],"AttitudePitch":1.26825151213,"Time":0.26561,"AttitudeQuaternion":{"X":0.593155867397,"W":0.804749479856,"Y":0.0232278497455,"Z":-0.00220423241031},"AttitudeRoll":0.134657471018,"RotationRate":{"Y":0.0152537738904,"X":0.026554344222,"Z":-0.00416321214288},"AttitudeYaw":-0.104580996195,"DotNum":0},{"GravityX":{"Y":-0.954913198948,"X":0.0401224121451,"Z":-0.294161468744},"UserAcceleration":{"Y":0.0127592729405,"X":0.000511744583491,"Z":0.00766243971884},"AttitudeRotationMatrix":[0.998905241489,0.0240532513708,-0.0401224121451,0.0312462355942,0.295236259699,0.954913198948,0.0348143577576,-0.955121457577,0.294161468744],"AttitudePitch":1.26936728586,"Time":0.305217,"AttitudeQuaternion":{"X":0.593613404989,"W":0.804410177761,"Y":0.0232893525931,"Z":-0.0022354836846},"AttitudeRoll":0.135559365794,"RotationRate":{"Y":-0.00703224306926,"X":0.0370727106929,"Z":-0.00197413680144},"AttitudeYaw":-0.105442166424,"DotNum":0},{"GravityX":{"Y":-0.955072820187,"X":0.0400764010847,"Z":-0.293649047613},"UserAcceleration":{"Y":0.0113472500816,"X":-0.000342514540534,"Z":0.00629552640021},"AttitudeRotationMatrix":[0.998909652233,0.0239456444979,-0.0400764010847,0.0312527306378,0.294718742371,0.955072879791,0.0346811003983,-0.955283999443,0.293649017811],"AttitudePitch":1.2699054435,"Time":0.320686,"AttitudeQuaternion":{"X":0.593831173828,"W":0.804250807784,"Y":0.0232382429155,"Z":-0.00227139471174},"AttitudeRoll":0.135639210106,"RotationRate":{"Y":-0.00911801680923,"X":0.0221330989152,"Z":0.00212925346568},"AttitudeYaw":-0.105647726294,"DotNum":0},{"GravityX":{"Y":-0.955131292343,"X":0.039927996695,"Z":-0.293479084969},"UserAcceleration":{"Y":0.0136182270944,"X":0.00049253605539,"Z":0.00206673820503},"AttitudeRotationMatrix":[0.998922467232,0.0236579161137,-0.039927996695,0.0312020238489,0.294534653425,0.955131292343,0.0343565940857,-0.955347895622,0.293479084969],"AttitudePitch":1.27010273265,"Time":0.336326,"AttitudeQuaternion":{"X":0.593908392316,"W":0.804197765346,"Y":0.023092761974,"Z":-0.00234522786186},"AttitudeRoll":0.135220344775,"RotationRate":{"Y":-0.0292416382581,"X":0.0156251974404,"Z":0.00627917191014},"AttitudeYaw":-0.105543039934,"DotNum":0},{"GravityX":{"Y":-0.955447375774,"X":0.0396096222103,"Z":-0.29249176383},"UserAcceleration":{"Y":0.0178710576147,"X":0.000963496277109,"Z":0.00568757485598},"AttitudeRotationMatrix":[0.998952507973,0.0229120794684,-0.0396096259356,0.0311525482684,0.293512970209,0.95544731617,0.0335172265768,-0.95568048954,0.29249176383],"AttitudePitch":1.27117169484,"Time":0.36075,"AttitudeQuaternion":{"X":0.594337391264,"W":0.803890116626,"Y":0.0227415562621,"Z":-0.00256268512381},"AttitudeRoll":0.134602489401,"RotationRate":{"Y":-0.018750526011,"X":0.0561025030911,"Z":0.00352186756209},"AttitudeYaw":-0.105740991142,"DotNum":0},{"GravityX":{"Y":-0.955722987652,"X":0.0394568294287,"Z":-0.291610509157},"UserAcceleration":{"Y":0.0152628039941,"X":-0.000882610678673,"Z":0.00495889782906},"AttitudeRotationMatrix":[0.998966038227,0.0225822962821,-0.0394568294287,0.0311340466142,0.292616099119,0.955722987652,0.0331281274557,-0.95596331358,0.291610479355],"AttitudePitch":1.27210703356,"Time":0.375719,"AttitudeQuaternion":{"X":0.59471409551,"W":0.803615689851,"Y":0.0225807420166,"Z":-0.0026603979119},"AttitudeRoll":0.134489837608,"RotationRate":{"Y":-0.0272329971194,"X":0.0592819489539,"Z":0.00140501384158},"AttitudeYaw":-0.106000139525,"DotNum":0},{"GravityX":{"Y":-0.955952644348,"X":0.0392645187676,"Z":-0.290882885456},"UserAcceleration":{"Y":0.0161485560238,"X":-0.000461416726466,"Z":0.00720675010234},"AttitudeRotationMatrix":[0.998986780643,0.0219947546721,-0.0392645150423,0.031147107482,0.291863739491,0.955952584743,0.0324858278036,-0.956206977367,0.290882915258],"AttitudePitch":1.2728883509,"Time":0.393941,"AttitudeQuaternion":{"X":0.595029442977,"W":0.803388659022,"Y":0.0223274085602,"Z":-0.00284804703036},"AttitudeRoll":0.134172947676,"RotationRate":{"Y":-0.0473217479885,"X":0.0421791486442,"Z":0.00225002528168},"AttitudeYaw":-0.106315611205,"DotNum":0},{"GravityX":{"Y":-0.95614439249,"X":0.0390968807042,"Z":-0.290274530649},"UserAcceleration":{"Y":0.0173016358167,"X":0.00126261811238,"Z":0.0111760180444},"AttitudeRotationMatrix":[0.999006450176,0.0213906094432,-0.0390968769789,0.0311836376786,0.291230916977,0.95614439249,0.0318387299776,-0.956413567066,0.290274530649],"AttitudePitch":1.27354241161,"Time":0.410075,"AttitudeQuaternion":{"X":0.595294254024,"W":0.803198588956,"Y":0.0220791010849,"Z":-0.00304813399476},"AttitudeRoll":0.133883596446,"RotationRate":{"Y":-0.0366780497134,"X":0.0252128411084,"Z":0.00209907256067},"AttitudeYaw":-0.106668880863,"DotNum":0},{"GravityX":{"Y":-0.956264317036,"X":0.0390032343566,"Z":-0.289891928434},"UserAcceleration":{"Y":0.0164144523442,"X":0.00272955466062,"Z":0.0100304679945},"AttitudeRotationMatrix":[0.999017238617,0.0210536457598,-0.0390032343566,0.0312049351633,0.290834665298,0.95626437664,0.0314763449132,-0.956541657448,0.28989186883],"AttitudePitch":1.27395203493,"Time":0.421645,"AttitudeQuaternion":{"X":0.595460039488,"W":0.803079057683,"Y":0.0219404227562,"Z":-0.0031601158632},"AttitudeRoll":0.133740914334,"RotationRate":{"Y":-0.0197103973478,"X":0.0199539102614,"Z":0.00314777577296},"AttitudeYaw":-0.106885493274,"DotNum":0},{"GravityX":{"Y":-0.956369161606,"X":0.0389502122998,"Z":-0.289552867413},"UserAcceleration":{"Y":0.0153596661985,"X":0.00301145575941,"Z":0.00480859447271},"AttitudeRotationMatrix":[0.999024152756,0.0208232942969,-0.0389502122998,0.0312323700637,0.29048666358,0.95636922121,0.0312292743474,-0.956652462482,0.28955283761],"AttitudePitch":1.27431081065,"Time":0.430505,"AttitudeQuaternion":{"X":0.595605703413,"W":0.802973178748,"Y":0.0218498864801,"Z":-0.00324079204588},"AttitudeRoll":0.133715809473,"RotationRate":{"Y":-0.021834064275,"X":0.018834784627,"Z":0.00739255035296},"AttitudeYaw":-0.107105946289,"DotNum":0},{"GravityX":{"Y":-0.95643389225,"X":0.0386852510273,"Z":-0.289374649525},"UserAcceleration":{"Y":0.0162178128958,"X":-0.000904487678781,"Z":0.00444728415459},"AttitudeRotationMatrix":[0.999043762684,0.0203705504537,-0.0386852473021,0.0311163514853,0.29028609395,0.956433832645,0.030712870881,-0.956723034382,0.289374649525],"AttitudePitch":1.27453230857,"Time":0.446138,"AttitudeQuaternion":{"X":0.595689317699,"W":0.802917263022,"Y":0.0216081171126,"Z":-0.00334586231929},"AttitudeRoll":0.132897716064,"RotationRate":{"Y":-0.0387720540166,"X":0.0113006690517,"Z":0.00940833706409},"AttitudeYaw":-0.106784272495,"DotNum":0},{"GravityX":{"Y":-0.956501305103,"X":0.0383644141257,"Z":-0.289194434881},"UserAcceleration":{"Y":0.0197642464191,"X":-0.00191116717178,"Z":0.00594553677365},"AttitudeRotationMatrix":[0.999065220356,0.0199221037328,-0.0383644141257,0.030945494771,0.290082126856,0.956501305103,0.0301843471825,-0.956794321537,0.289194464684],"AttitudePitch":1.27476335617,"Time":0.461128,"AttitudeQuaternion":{"X":0.595774424744,"W":0.802860782906,"Y":0.0213451586717,"Z":-0.00343253454965},"AttitudeRoll":0.13188949437,"RotationRate":{"Y":-0.0324244089425,"X":0.0123415859416,"Z":0.0136946830899},"AttitudeYaw":-0.106276461395,"DotNum":0},{"GravityX":{"Y":-0.956566870213,"X":0.038071282208,"Z":-0.2890163064},"UserAcceleration":{"Y":0.0176172684878,"X":-0.00425780611113,"Z":0.00675924122334},"AttitudeRotationMatrix":[0.999082803726,0.0196005180478,-0.038071282208,0.0307640433311,0.28988519311,0.956566870213,0.0297855064273,-0.956860721111,0.2890163064],"AttitudePitch":1.27498812224,"Time":0.479882,"AttitudeQuaternion":{"X":0.595856789623,"W":0.802805129039,"Y":0.0211311525813,"Z":-0.00347641185008},"AttitudeRoll":0.130973026979,"RotationRate":{"Y":-0.0175702124834,"X":0.010359027423,"Z":0.00624989718199},"AttitudeYaw":-0.105729180782,"DotNum":0},{"GravityX":{"Y":-0.956578433514,"X":0.0379609912634,"Z":-0.288992404938},"UserAcceleration":{"Y":0.018193449825,"X":0.000155462650582,"Z":0.00247813016176},"AttitudeRotationMatrix":[0.999088525772,0.0195201449096,-0.0379609949887,0.0306826122105,0.289855509996,0.956578433514,0.0296757556498,-0.956871330738,0.288992404938],"AttitudePitch":1.27502793996,"Time":0.495267,"AttitudeQuaternion":{"X":0.595869240042,"W":0.802797684867,"Y":0.0210628244923,"Z":-0.00347611411561},"AttitudeRoll":0.130608594131,"RotationRate":{"Y":-0.00165203236975,"X":0.00407980149612,"Z":0.00302468985319},"AttitudeYaw":-0.105462101691,"DotNum":0},{"GravityX":{"Y":-0.95990473032,"X":0.0354594513774,"Z":-0.278074681759},"UserAcceleration":{"Y":0.0345354750752,"X":-0.0236033722758,"Z":-0.042726110667},"AttitudeRotationMatrix":[0.99785733223,0.0549855455756,-0.0354594513774,0.0186981856823,0.27970212698,0.95990473032,0.0626989677548,-0.958510935307,0.278074681759],"AttitudePitch":1.28666219174,"Time":0.020908,"AttitudeQuaternion":{"X":0.600016776153,"W":0.799317536874,"Y":0.0307006974152,"Z":0.0113494827879},"AttitudeRoll":0.126833219738,"RotationRate":{"Y":0.452408790588,"X":-0.18080739677,"Z":-0.0698231384158},"AttitudeYaw":-0.0667510372098,"DotNum":1},{"GravityX":{"Y":-0.959079802036,"X":0.038286332041,"Z":-0.280535459518},"UserAcceleration":{"Y":0.0343361236155,"X":-0.0513173379004,"Z":-0.0387089326978},"AttitudeRotationMatrix":[0.997403860092,0.0609889999032,-0.0382863283157,0.0195433869958,0.282460689545,0.959079742432,0.0693076997995,-0.957338094711,0.280535459518],"AttitudePitch":1.28373400892,"Time":0.02096105,"AttitudeQuaternion":{"X":0.598833812951,"W":0.800062500172,"Y":0.0336205079376,"Z":0.012950742505},"AttitudeRoll":0.135637933442,"RotationRate":{"Y":0.427037656307,"X":-0.19891102612,"Z":-0.0764578804374},"AttitudeYaw":-0.0690796672257,"DotNum":1},{"GravityX":{"Y":-0.957907557487,"X":0.0407110825181,"Z":-0.284175395966},"UserAcceleration":{"Y":0.0162571966648,"X":-0.0433508530259,"Z":-0.0211987365037},"AttitudeRotationMatrix":[0.996931493282,0.0668593496084,-0.0407110899687,0.019911011681,0.286385446787,0.957907557487,0.0757041424513,-0.955778837204,0.284175425768],"AttitudePitch":1.27962260346,"Time":0.03825301,"AttitudeQuaternion":{"X":0.597153808536,"W":0.801169822062,"Y":0.0363266376751,"Z":0.0146499339055},"AttitudeRoll":0.142292228798,"RotationRate":{"Y":0.448411107063,"X":-0.247433111072,"Z":-0.103539787233},"AttitudeYaw":-0.069413524914,"DotNum":1},{"GravityX":{"Y":-0.956773996353,"X":0.0438126623631,"Z":-0.287513494492},"UserAcceleration":{"Y":0.00085661909543,"X":0.00126179947983,"Z":-0.0293505247682},"AttitudeRotationMatrix":[0.996412158012,0.072410389781,-0.0438126660883,0.0209897458553,0.290074110031,0.956773996353,0.0819893032312,-0.954260826111,0.287513494492],"AttitudePitch":1.27569946933,"Time":0.05440003,"AttitudeQuaternion":{"X":0.595572111924,"W":0.80218447865,"Y":0.0392060566589,"Z":0.0160251936781},"AttitudeRoll":0.151221374991,"RotationRate":{"Y":0.379497826099,"X":-0.246850669384,"Z":-0.0855751782656},"AttitudeYaw":-0.0722340433167,"DotNum":1},{"GravityX":{"Y":-0.955756306648,"X":0.0460301451385,"Z":-0.290535837412},"UserAcceleration":{"Y":-0.0008476752555,"X":5.62145214644e-06,"Z":-0.0355902723968},"AttitudeRotationMatrix":[0.99603509903,0.0761272385716,-0.0460301488638,0.0217475611717,0.293354511261,0.955756306648,0.0862622410059,-0.952967882156,0.290535777807],"AttitudePitch":1.27222028433,"Time":0.06803,"AttitudeQuaternion":{"X":0.594168476274,"W":0.803107314784,"Y":0.0411814156932,"Z":0.0169278984046},"AttitudeRoll":0.157125938251,"RotationRate":{"Y":0.22568641603,"X":-0.206293910742,"Z":-0.0599305406213},"AttitudeYaw":-0.073998686413,"DotNum":1},{"GravityX":{"Y":-0.95488011837,"X":0.0468821115792,"Z":-0.293267935514},"UserAcceleration":{"Y":-0.00256314827129,"X":0.00415853690356,"Z":-0.0368712209165},"AttitudeRotationMatrix":[0.99599057436,0.076189443469,-0.0468821153045,0.0222923830152,0.296153783798,0.954880058765,0.0866361036897,-0.952096641064,0.293267935514],"AttitudePitch":1.26925576671,"Time":0.094751,"AttitudeQuaternion":{"X":0.592994278309,"W":0.803960867269,"Y":0.041518877138,"Z":0.0167598518369},"AttitudeRoll":0.158519751114,"RotationRate":{"Y":-0.120411895216,"X":-0.00517570506781,"Z":-0.00962423160672},"AttitudeYaw":-0.0751313123231,"DotNum":1},{"GravityX":{"Y":-0.955135285854,"X":0.0462982021272,"Z":-0.292528808117},"UserAcceleration":{"Y":-0.00740441167727,"X":0.00201112474315,"Z":-0.0228703506291},"AttitudeRotationMatrix":[0.996205091476,0.0737017318606,-0.0462982021272,0.0225416664034,0.295310825109,0.955135285854,0.084067478776,-0.952554285526,0.292528778315],"AttitudePitch":1.2701161461,"Time":0.109663,"AttitudeQuaternion":{"X":0.593372855468,"W":0.803748211147,"Y":0.0405492920143,"Z":0.0159129629013},"AttitudeRoll":0.156966874551,"RotationRate":{"Y":-0.185309931636,"X":0.0902823880315,"Z":-0.0119835315272},"AttitudeYaw":-0.076184259982,"DotNum":1},{"GravityX":{"Y":-0.956369102001,"X":0.0443411581218,"Z":-0.288776755333},"UserAcceleration":{"Y":-0.00322563294321,"X":0.00100796401966,"Z":-0.0141254588962},"AttitudeRotationMatrix":[0.996720850468,0.0676857605577,-0.0443411618471,0.0227661430836,0.291272819042,0.956369102001,0.077647946775,-0.954242527485,0.288776755333],"AttitudePitch":1.27431048721,"Time":0.139857,"AttitudeQuaternion":{"X":0.595120005522,"W":0.802616107372,"Y":0.0379973371347,"Z":0.013991625543},"AttitudeRoll":0.152358267454,"RotationRate":{"Y":-0.234358489513,"X":0.165931433439,"Z":0.0292045269161},"AttitudeYaw":-0.0780023044037,"DotNum":1},{"GravityX":{"Y":-0.957069337368,"X":0.0428868085146,"Z":-0.286668717861},"UserAcceleration":{"Y":-0.000312839256367,"X":0.00601761089638,"Z":-0.00724607286975},"AttitudeRotationMatrix":[0.99698215723,0.0647091716528,-0.0428868085146,0.0224129129201,0.288991183043,0.957069337368,0.0743250697851,-0.955142319202,0.286668747664],"AttitudePitch":1.27671682656,"Time":0.154809,"AttitudeQuaternion":{"X":0.59609610747,"W":0.801972889317,"Y":0.0365386035192,"Z":0.0131850640039},"AttitudeRoll":0.148502709671,"RotationRate":{"Y":-0.191939651966,"X":0.148995861411,"Z":0.0376478098333},"AttitudeYaw":-0.0774007572543,"DotNum":1},{"GravityX":{"Y":-0.957625925541,"X":0.0419227257371,"Z":-0.284947544336},"UserAcceleration":{"Y":0.00407366221771,"X":0.00252612819895,"Z":0.00603214232251},"AttitudeRotationMatrix":[0.99712151289,0.0631754919887,-0.0419227220118,0.0220678057522,0.287168234587,0.957625985146,0.0725373700261,-0.95579457283,0.284947484732],"AttitudePitch":1.27864300867,"Time":0.168238,"AttitudeQuaternion":{"X":0.596868009271,"W":0.801442040033,"Y":0.0357044206674,"Z":0.0128230387291},"AttitudeRoll":0.14607640176,"RotationRate":{"Y":-0.0805574730039,"X":0.111242376268,"Z":0.0311148036271},"AttitudeYaw":-0.0766955209656,"DotNum":1},{"GravityX":{"Y":-0.957990765572,"X":0.041176147759,"Z":-0.283827841282},"UserAcceleration":{"Y":0.0158826000988,"X":-0.00237304833718,"Z":0.00833039730787},"AttitudeRotationMatrix":[0.997174441814,0.0628305971622,-0.041176147759,0.0215383600444,0.285989165306,0.957990705967,0.0719670653343,-0.956170737743,0.28382781148],"AttitudePitch":1.27991244888,"Time":0.179688,"AttitudeQuaternion":{"X":0.597360320536,"W":0.801091668764,"Y":0.0353090712078,"Z":0.0128862397803},"AttitudeRoll":0.144069275771,"RotationRate":{"Y":-0.0200031176209,"X":0.0497161783278,"Z":0.0402057394385},"AttitudeYaw":-0.0751698869024,"DotNum":1},{"GravityX":{"Y":-0.958001792431,"X":0.040579136461,"Z":-0.283876538277},"UserAcceleration":{"Y":0.024377528578,"X":-0.0141814313829,"Z":0.0101338680834},"AttitudeRotationMatrix":[0.99718773365,0.0630075260997,-0.0405791327357,0.0209136363119,0.28599858284,0.958001792431,0.0719669014215,-0.956156313419,0.283876538277],"AttitudePitch":1.27995095146,"Time":0.195111,"AttitudeQuaternion":{"X":0.597350950213,"W":0.801102809484,"Y":0.0351222198722,"Z":0.0131362318722},"AttitudeRoll":0.141984549167,"RotationRate":{"Y":0.0130626838654,"X":-0.029910730198,"Z":0.0415916442871},"AttitudeYaw":-0.0729950539047,"DotNum":1},{"GravityX":{"Y":-0.957780182362,"X":0.0402694381773,"Z":-0.284667313099},"UserAcceleration":{"Y":0.0253613647074,"X":-0.0104995407164,"Z":0.0165093652904},"AttitudeRotationMatrix":[0.997146904469,0.0638466775417,-0.0402694419026,0.0203171148896,0.286782741547,0.957780241966,0.0726996585727,-0.955865740776,0.284667342901],"AttitudePitch":1.27917914951,"Time":0.209651,"AttitudeQuaternion":{"X":0.597012745754,"W":0.801342149139,"Y":0.0352437150801,"Z":0.0135802049864},"AttitudeRoll":0.140528958968,"RotationRate":{"Y":0.0619202330709,"X":-0.0657773762941,"Z":0.0338738001883},"AttitudeYaw":-0.0707268011117,"DotNum":1},{"GravityX":{"Y":-0.957551121712,"X":0.0398981124163,"Z":-0.285488992929},"UserAcceleration":{"Y":0.0200663935393,"X":-0.000789835234173,"Z":0.00722971698269},"AttitudeRotationMatrix":[0.997089505196,0.0649665892124,-0.0398981124163,0.0195772070438,0.287597954273,0.957551062107,0.0736834406853,-0.955545246601,0.285489022732],"AttitudePitch":1.27838350218,"Time":0.225228,"AttitudeQuaternion":{"X":0.596657900592,"W":0.801588487186,"Y":0.0354238971653,"Z":0.0141560722364},"AttitudeRoll":0.13885425918,"RotationRate":{"Y":0.0608792752028,"X":-0.0753967612982,"Z":0.0380348563194},"AttitudeYaw":-0.0679666012739,"DotNum":1},{"GravityX":{"Y":-0.957255244255,"X":0.0392838194966,"Z":-0.286564439535},"UserAcceleration":{"Y":0.0161389093846,"X":0.00441735191271,"Z":0.0025831265375},"AttitudeRotationMatrix":[0.997089087963,0.0653464943171,-0.0392838157713,0.0187982004136,0.288633048534,0.957255244255,0.0738918781281,-0.955207228661,0.286564469337],"AttitudePitch":1.27735877995,"Time":0.252325,"AttitudeQuaternion":{"X":0.59621547807,"W":0.801917476743,"Y":0.0352828405934,"Z":0.0145115596667},"AttitudeRoll":0.136236293851,"RotationRate":{"Y":-0.0186262056232,"X":-0.0737458616495,"Z":0.0517253652215},"AttitudeYaw":-0.0650365375692,"DotNum":1},{"GravityX":{"Y":-0.956995844841,"X":0.0383556820452,"Z":-0.287554830313},"UserAcceleration":{"Y":0.0109509322792,"X":0.00330081116408,"Z":0.00116261269432},"AttitudeRotationMatrix":[0.997171521187,0.0646358206868,-0.0383556783199,0.0180426072329,0.289539963007,0.956995844841,0.072961717844,-0.954981088638,0.287554830313],"AttitudePitch":1.2764633301,"Time":0.265251,"AttitudeQuaternion":{"X":0.595834859993,"W":0.80222601715,"Y":0.0346901613447,"Z":0.0145199769596},"AttitudeRoll":0.132602920658,"RotationRate":{"Y":-0.0790862366557,"X":-0.0505641549826,"Z":0.0486327558756},"AttitudeYaw":-0.0622342677828,"DotNum":1},{"GravityX":{"Y":-0.956945896149,"X":0.03737616539,"Z":-0.2878498137},"UserAcceleration":{"Y":0.0231538098305,"X":-0.0014264585916,"Z":0.00434151990339},"AttitudeRotationMatrix":[0.997291862965,0.0633400082588,-0.0373761691153,0.0174620915204,0.289740562439,0.956945836544,0.0714423507452,-0.955007016659,0.287849843502],"AttitudePitch":1.27629126984,"Time":0.279146,"AttitudeQuaternion":{"X":0.595756141244,"W":0.802321975975,"Y":0.0339073712747,"Z":0.0142953562579},"AttitudeRoll":0.129123621438,"RotationRate":{"Y":-0.114166200161,"X":0.000517410226166,"Z":0.0320335328579},"AttitudeYaw":-0.0601952251389,"DotNum":1},{"GravityX":{"Y":-0.957036614418,"X":0.0364373661578,"Z":-0.28766861558},"UserAcceleration":{"Y":0.019521355629,"X":-0.00276121776551,"Z":0.00791398528963},"AttitudeRotationMatrix":[0.997424662113,0.0617767386138,-0.0364373624325,0.0170334689319,0.289466321468,0.957036674023,0.0696699917316,-0.955192625523,0.287668585777],"AttitudePitch":1.27660386695,"Time":0.294919,"AttitudeQuaternion":{"X":0.595879531914,"W":0.802271720527,"Y":0.0330646576153,"Z":0.0139426792609},"AttitudeRoll":0.125993422212,"RotationRate":{"Y":-0.114219933748,"X":0.0163866914809,"Z":0.0194388963282},"AttitudeYaw":-0.0587766074269,"DotNum":1},{"GravityX":{"Y":-0.957133114338,"X":0.0356449708343,"Z":-0.287446677685},"UserAcceleration":{"Y":0.0196789111942,"X":-0.00410505244508,"Z":0.00943154841661},"AttitudeRotationMatrix":[0.997545838356,0.0602636896074,-0.0356449708343,0.0167319141328,0.289164632559,0.957133114338,0.0679876431823,-0.955380618572,0.287446647882],"AttitudePitch":1.27693691975,"Time":0.304583,"AttitudeQuaternion":{"X":0.59601478596,"W":0.802209012769,"Y":0.0322960125514,"Z":0.0135662198962},"AttitudeRoll":0.123375673281,"RotationRate":{"Y":-0.105713121593,"X":0.0112014487386,"Z":0.01088178996},"AttitudeYaw":-0.0577984803632,"DotNum":1},{"GravityX":{"Y":-0.957213401794,"X":0.0347346253693,"Z":-0.287290900946},"UserAcceleration":{"Y":0.0229329764843,"X":-0.00667371228337,"Z":0.00964198075235},"AttitudeRotationMatrix":[0.997669279575,0.058732740581,-0.034734621644,0.016317255795,0.288922637701,0.957213461399,0.0662553831935,-0.955549180508,0.287290871143],"AttitudePitch":1.27721406176,"Time":0.320329,"AttitudeQuaternion":{"X":0.596124084768,"W":0.802166260926,"Y":0.0314741523886,"Z":0.0132190439769},"AttitudeRoll":0.120320016624,"RotationRate":{"Y":-0.10462886095,"X":0.00487548718229,"Z":0.00655902316794},"AttitudeYaw":-0.0564162843994,"DotNum":1},{"GravityX":{"Y":-0.957213997841,"X":0.0340841375291,"Z":-0.287366807461},"UserAcceleration":{"Y":0.024047465995,"X":-0.00956326257437,"Z":0.00881762057543},"AttitudeRotationMatrix":[0.99777674675,0.0572700127959,-0.0340841375291,0.0161144956946,0.288932085037,0.957213938236,0.0646676570177,-0.955635011196,0.287366837263],"AttitudePitch":1.27721612743,"Time":0.334868,"AttitudeQuaternion":{"X":0.596128731391,"W":0.80219630026,"Y":0.0307754457493,"Z":0.0128258878146},"AttitudeRoll":0.118056920172,"RotationRate":{"Y":-0.097152620554,"X":-0.010945613496,"Z":-0.00210909103043},"AttitudeYaw":-0.0557148892764,"DotNum":1},{"GravityX":{"Y":-0.957126379013,"X":0.033357668668,"Z":-0.287743479013},"UserAcceleration":{"Y":0.025867247954,"X":-0.00981335714459,"Z":0.00687495805323},"AttitudeRotationMatrix":[0.997879564762,0.055889070034,-0.033357668668,0.0157956648618,0.2892395854,0.957126438618,0.0631412640214,-0.955623805523,0.287743479013],"AttitudePitch":1.27691367568,"Time":0.350472,"AttitudeQuaternion":{"X":0.596006816925,"W":0.80231893262,"Y":0.0300687563706,"Z":0.0124929751794},"AttitudeRoll":0.115413301647,"RotationRate":{"Y":-0.0949721038342,"X":-0.0278512630612,"Z":-0.0107991686091},"AttitudeYaw":-0.0545568165296,"DotNum":1},{"GravityX":{"Y":-0.95694988966,"X":0.0328954793513,"Z":-0.28838300705},"UserAcceleration":{"Y":0.0255991984159,"X":-0.0108160125092,"Z":0.0058360202238},"AttitudeRotationMatrix":[0.997975349426,0.0544338300824,-0.0328954830766,0.0157348290086,0.28982630372,0.956949949265,0.0616244226694,-0.955530047417,0.28838300705],"AttitudePitch":1.27630498583,"Time":0.365408,"AttitudeQuaternion":{"X":0.59576967892,"W":0.802524875834,"Y":0.0294445399811,"Z":0.0120553893406},"AttitudeRoll":0.113577801989,"RotationRate":{"Y":-0.0970454663038,"X":-0.0405457243323,"Z":-0.0173254739493},"AttitudeYaw":-0.0542372994123,"DotNum":1},{"GravityX":{"Y":-0.95675766468,"X":0.0327369347215,"Z":-0.289038181305},"UserAcceleration":{"Y":0.0184031706303,"X":0.00258716312237,"Z":0.00757455313578},"AttitudeRotationMatrix":[0.998057484627,0.0530050620437,-0.0327369347215,0.0159570854157,0.290448129177,0.95675766468,0.0602213814855,-0.955421566963,0.2890381217],"AttitudePitch":1.27564337881,"Time":0.37543,"AttitudeQuaternion":{"X":0.595518919621,"W":0.802736545895,"Y":0.0289504441023,"Z":0.011538025983},"AttitudeRoll":0.112781004566,"RotationRate":{"Y":-0.083260178566,"X":-0.0425924696028,"Z":-0.0194465704262},"AttitudeYaw":-0.0548843460585,"DotNum":1},{"GravityX":{"Y":-0.956399977207,"X":0.0330884717405,"Z":-0.290179729462},"UserAcceleration":{"Y":0.0176029559225,"X":0.00733206002042,"Z":-0.00504730688408},"AttitudeRotationMatrix":[0.998164951801,0.0507141128182,-0.0330884717405,0.0168900284916,0.291571319103,0.956399977207,0.0581506229937,-0.955203831196,0.290179699659],"AttitudePitch":1.27441612891,"Time":0.405568,"AttitudeQuaternion":{"X":0.595065926812,"W":0.803105851617,"Y":0.0284019519158,"Z":0.0105291487778},"AttitudeRoll":0.113537119584,"RotationRate":{"Y":-0.0696065872908,"X":-4.96150460094e-05,"Z":-0.0157850328833},"AttitudeYaw":-0.0578629244393,"DotNum":1},{"GravityX":{"Y":-0.956433176994,"X":0.0332676395774,"Z":-0.290049731731},"UserAcceleration":{"Y":0.0146759767085,"X":0.00808367785066,"Z":-0.0078018438071},"AttitudeRotationMatrix":[0.998210787773,0.0496833324432,-0.0332676395774,0.0173699315637,0.291434139013,0.95643311739,0.0572141185403,-0.955299794674,0.290049731731],"AttitudePitch":1.27452991374,"Time":0.42075,"AttitudeQuaternion":{"X":0.595131697829,"W":0.803071397495,"Y":0.028167407883,"Z":0.0100593189419},"AttitudeRoll":0.114197316343,"RotationRate":{"Y":-0.0633513703942,"X":0.0415088012815,"Z":-0.0217372570187},"AttitudeYaw":-0.0595311426244,"DotNum":1},{"GravityX":{"Y":-0.956613659859,"X":0.0337020494044,"Z":-0.289403617382},"UserAcceleration":{"Y":0.0112706534565,"X":0.00850376300514,"Z":-0.0017951077316},"AttitudeRotationMatrix":[0.998242497444,0.0487449020147,-0.0337020494044,0.0180967804044,0.290796816349,0.956613659859,0.0564304925501,-0.955542325974,0.289403617382],"AttitudePitch":1.27514876872,"Time":0.435168,"AttitudeQuaternion":{"X":0.595407856953,"W":0.802876539837,"Y":0.028065504115,"Z":0.0095432246872},"AttitudeRoll":0.115931259467,"RotationRate":{"Y":-0.058153975755,"X":0.0776631608605,"Z":-0.0202904772013},"AttitudeYaw":-0.0621515506438,"DotNum":1},{"GravityX":{"Y":-0.956948339939,"X":0.0337853506207,"Z":-0.288285374641},"UserAcceleration":{"Y":0.0141840437427,"X":0.00590275786817,"Z":-0.00338638736866},"AttitudeRotationMatrix":[0.998291194439,0.0476786568761,-0.0337853506207,0.0185517072678,0.289664894342,0.956948339939,0.0554124414921,-0.95593982935,0.288285404444],"AttitudePitch":1.2762995411,"Time":0.459738,"AttitudeQuaternion":{"X":0.59589029048,"W":0.802533709937,"Y":0.0277863075742,"Z":0.00907343577651},"AttitudeRoll":0.116661975026,"RotationRate":{"Y":-0.0751618072391,"X":0.093481361866,"Z":-0.014839344658},"AttitudeYaw":-0.0639580585788,"DotNum":1},{"GravityX":{"Y":-0.957313597202,"X":0.0338143184781,"Z":-0.287066578865},"UserAcceleration":{"Y":0.0136948516592,"X":0.00147926085629,"Z":0.00383292278275},"AttitudeRotationMatrix":[0.998351037502,0.0463869795203,-0.0338143184781,0.0190231278539,0.288424581289,0.957313597202,0.0541597679257,-0.956378281116,0.287066578865],"AttitudePitch":1.27756069943,"Time":0.477163,"AttitudeQuaternion":{"X":0.596418458271,"W":0.802159929716,"Y":0.0274178767546,"Z":0.00852817835591},"AttitudeRoll":0.117252300197,"RotationRate":{"Y":-0.0867999345064,"X":0.090304620564,"Z":-0.0202253237367},"AttitudeYaw":-0.0658599100235,"DotNum":1},{"GravityX":{"Y":-0.957601666451,"X":0.0337436199188,"Z":-0.286112576723},"UserAcceleration":{"Y":0.0129910763353,"X":0.00269436906092,"Z":0.00205495860428},"AttitudeRotationMatrix":[0.998416304588,0.0450132712722,-0.0337436199188,0.0194050073624,0.287441313267,0.957601666451,0.0528040900826,-0.956739902496,0.286112636328],"AttitudePitch":1.27855887078,"Time":0.490945,"AttitudeQuaternion":{"X":0.596838019696,"W":0.80186815915,"Y":0.0269831486228,"Z":0.00798393865197},"AttitudeRoll":0.117395959889,"RotationRate":{"Y":-0.0920254960656,"X":0.0604555234313,"Z":-0.0152170136571},"AttitudeYaw":-0.0674071831743,"DotNum":1},{"GravityX":{"Y":-0.957760095596,"X":0.0335982367396,"Z":-0.285599023104},"UserAcceleration":{"Y":0.0116541190073,"X":0.00215310766362,"Z":-0.00154088065028},"AttitudeRotationMatrix":[0.998488068581,0.0435059741139,-0.0335982367396,0.0197274014354,0.286890983582,0.957760095596,0.0513073205948,-0.956974864006,0.285598963499],"AttitudePitch":1.27910920553,"Time":0.510565,"AttitudeQuaternion":{"X":0.597075791523,"W":0.801713493018,"Y":0.0264762765193,"Z":0.00741492224959},"AttitudeRoll":0.117103050811,"RotationRate":{"Y":-0.105776034296,"X":0.046494692564,"Z":-0.00793386436999},"AttitudeYaw":-0.0686546252702,"DotNum":1},{"GravityX":{"Y":-0.952149569988,"X":0.0384385846555,"Z":-0.303205639124},"UserAcceleration":{"Y":0.0144664701074,"X":-0.0128801129758,"Z":-0.0643328130245},"AttitudeRotationMatrix":[0.998031973839,0.0495443195105,-0.0384385883808,0.0215369611979,0.304872691631,0.952149510384,0.0588924735785,-0.951103568077,0.303205668926],"AttitudePitch":1.2601937493,"Time":0.0007959604,"AttitudeQuaternion":{"X":0.589481481799,"W":0.807172579641,"Y":0.0301456779515,"Z":0.00867452549142},"AttitudeRoll":0.126101296472,"RotationRate":{"Y":-0.219797968864,"X":0.317664146423,"Z":-0.0434375405312},"AttitudeYaw":-0.0705253137914,"DotNum":3},{"GravityX":{"Y":-0.953354120255,"X":0.0389264039695,"Z":-0.299333691597},"UserAcceleration":{"Y":0.0205385666341,"X":-0.0136578502133,"Z":-0.0106638651341},"AttitudeRotationMatrix":[0.998092770576,0.047912504524,-0.0389264039695,0.0227324850857,0.300996899605,0.953354179859,0.0573943145573,-0.952420771122,0.299333661795],"AttitudePitch":1.26415940433,"Time":0.01047796,"AttitudeQuaternion":{"X":0.591134948266,"W":0.805981293325,"Y":0.0298768472706,"Z":0.00781036144842},"AttitudeRoll":0.129317792596,"RotationRate":{"Y":-0.024588001892,"X":0.250683277845,"Z":-0.0681964233518},"AttitudeYaw":-0.0753808751842,"DotNum":3},{"GravityX":{"Y":-0.954214811325,"X":0.0398383289576,"Z":-0.296457380056},"UserAcceleration":{"Y":-0.000420793658122,"X":0.00396965350956,"Z":-0.00772658968344},"AttitudeRotationMatrix":[0.998049795628,0.0480573996902,-0.0398383289576,0.0237308815122,0.298179358244,0.954214811325,0.0577360540628,-0.953299283981,0.296457380056],"AttitudePitch":1.26702376899,"Time":0.026398,"AttitudeQuaternion":{"X":0.592328688128,"W":0.805091064917,"Y":0.0302991752237,"Z":0.0075539653523},"AttitudeRoll":0.13358106174,"RotationRate":{"Y":0.0306896287948,"X":0.173044428229,"Z":-0.0464983247221},"AttitudeYaw":-0.0794185436011,"DotNum":3},{"GravityX":{"Y":-0.954717636108,"X":0.0403819605708,"Z":-0.294760078192},"UserAcceleration":{"Y":-0.000406248233048,"X":0.00125927303452,"Z":-0.